<?xml version="1.0" encoding="utf-8"?>
<COLLADA xmlns="http://www.collada.org/2005/11/COLLADASchema" version="1.4.1">
  <asset><contributor><author>Mixamo</author><authoring_tool>COLLADA Mixamo exporter</authoring_tool><comments></comments></contributor><created>2019-03-10T22:19:42Z</created><modified>2019-03-10T22:19:42Z</modified><revision></revision><title></title><unit meter="0.010000"/><up_axis>Y_UP</up_axis></asset>
  <library_animations>
    <animation id="Hips-anim" name="Hips"><source id="Hips-Matrix-animation-input"><float_array id="Hips-Matrix-animation-input-array" count="360">

0.000000 0.033333 0.066667 0.100000 0.133333 0.166667 0.200000 0.233333 0.266667 0.300000 0.333333 0.366667 0.400000 0.433333 0.466667 0.500000
0.533333 0.566667 0.600000 0.633333 0.666667 0.700000 0.733333 0.766667 0.800000 0.833333 0.866667 0.900000 0.933333 0.966667 1.000000 1.033333
1.066667 1.100000 1.133333 1.166667 1.200000 1.233333 1.266667 1.300000 1.333333 1.366667 1.400000 1.433333 1.466667 1.500000 1.533333 1.566667
1.600000 1.633333 1.666667 1.700000 1.733333 1.766667 1.800000 1.833333 1.866667 1.900000 1.933333 1.966667 2.000000 2.033333 2.066667 2.100000
2.133333 2.166667 2.200000 2.233333 2.266667 2.300000 2.333333 2.366667 2.400000 2.433333 2.466667 2.500000 2.533333 2.566667 2.600000 2.633333
2.666667 2.700000 2.733333 2.766667 2.800000 2.833333 2.866667 2.900000 2.933333 2.966667 3.000000 3.033333 3.066667 3.100000 3.133333 3.166667
3.200000 3.233333 3.266667 3.300000 3.333333 3.366667 3.400000 3.433333 3.466667 3.500000 3.533333 3.566667 3.600000 3.633333 3.666667 3.700000
3.733333 3.766667 3.800000 3.833333 3.866667 3.900000 3.933333 3.966667 4.000000 4.033333 4.066667 4.100000 4.133333 4.166667 4.200000 4.233333
4.266667 4.300000 4.333333 4.366667 4.400000 4.433333 4.466667 4.500000 4.533333 4.566667 4.600000 4.633333 4.666667 4.700000 4.733333 4.766667
4.800000 4.833333 4.866667 4.900000 4.933333 4.966667 5.000000 5.033333 5.066667 5.100000 5.133333 5.166667 5.200000 5.233333 5.266667 5.300000
5.333333 5.366667 5.400000 5.433333 5.466667 5.500000 5.533333 5.566667 5.600000 5.633333 5.666667 5.700000 5.733333 5.766667 5.800000 5.833333
5.866667 5.900000 5.933333 5.966667 6.000000 6.033333 6.066667 6.100000 6.133333 6.166667 6.200000 6.233333 6.266667 6.300000 6.333333 6.366667
6.400000 6.433333 6.466667 6.500000 6.533333 6.566667 6.600000 6.633333 6.666667 6.700000 6.733333 6.766667 6.800000 6.833333 6.866667 6.900000
6.933333 6.966667 7.000000 7.033333 7.066667 7.100000 7.133333 7.166667 7.200000 7.233333 7.266667 7.300000 7.333333 7.366667 7.400000 7.433333
7.466667 7.500000 7.533333 7.566667 7.600000 7.633333 7.666667 7.700000 7.733333 7.766667 7.800000 7.833333 7.866667 7.900000 7.933333 7.966667
8.000000 8.033333 8.066667 8.100000 8.133333 8.166667 8.200000 8.233333 8.266667 8.300000 8.333333 8.366667 8.400000 8.433333 8.466667 8.500000
8.533333 8.566667 8.600000 8.633333 8.666667 8.700000 8.733333 8.766667 8.800000 8.833333 8.866667 8.900000 8.933333 8.966667 9.000000 9.033333
9.066667 9.100000 9.133333 9.166667 9.200000 9.233333 9.266667 9.300000 9.333333 9.366667 9.400000 9.433333 9.466667 9.500000 9.533333 9.566667
9.600000 9.633333 9.666667 9.700000 9.733333 9.766667 9.800000 9.833333 9.866667 9.900000 9.933333 9.966667 10.000000 10.033333 10.066667 10.100000
10.133333 10.166667 10.200000 10.233333 10.266667 10.300000 10.333333 10.366667 10.400000 10.433333 10.466667 10.500000 10.533333 10.566667 10.600000 10.633333
10.666667 10.700000 10.733333 10.766667 10.800000 10.833333 10.866667 10.900000 10.933333 10.966667 11.000000 11.033333 11.066667 11.100000 11.133333 11.166667
11.200000 11.233333 11.266667 11.300000 11.333333 11.366667 11.400000 11.433333 11.466667 11.500000 11.533333 11.566667 11.600000 11.633333 11.666667 11.700000
11.733333 11.766667 11.800000 11.833333 11.866667 11.900000 11.933333 11.966667</float_array><technique_common><accessor source="#Hips-Matrix-animation-input-array" count="360"><param name="TIME" type="float"/></accessor></technique_common></source><source id="Hips-Matrix-animation-output-transform"><float_array id="Hips-Matrix-animation-output-transform-array" count="5760">

0.963105 -0.035971 -0.266712 0.918539 0.097721 0.970129 0.222036 96.675072 0.250758 -0.239907 0.937851 1.902565 0.000000 0.000000 0.000000 1.000000
0.972012 -0.028652 -0.233177 0.159021 0.080194 0.973385 0.214687 97.146576 0.220820 -0.227378 0.948440 2.006115 0.000000 0.000000 0.000000 1.000000
0.983641 -0.022963 -0.178668 -0.522253 0.060408 0.976459 0.207070 98.383118 0.169707 -0.214476 0.961873 2.266895 0.000000 0.000000 0.000000 1.000000
0.993561 -0.019145 -0.111671 -1.186493 0.041512 0.978593 0.201576 100.051735 0.105421 -0.204913 0.973086 2.700010 0.000000 0.000000 0.000000 1.000000
0.997955 -0.016484 -0.061751 -1.821059 0.028453 0.979728 0.198303 101.502319 0.057230 -0.199655 0.978194 3.226187 0.000000 0.000000 0.000000 1.000000
0.997979 -0.014236 -0.061926 -2.266570 0.026089 0.980445 0.195058 102.164551 0.057938 -0.196280 0.978835 3.770256 0.000000 0.000000 0.000000 1.000000
0.992799 -0.013793 -0.118992 -2.280963 0.036652 0.980686 0.192126 101.887390 0.114043 -0.195104 0.974130 4.366200 0.000000 0.000000 0.000000 1.000000
0.978864 -0.015261 -0.203943 -1.777150 0.055477 0.979636 0.192964 100.825706 0.196845 -0.200200 0.959777 5.060292 0.000000 0.000000 0.000000 1.000000
0.963157 -0.013565 -0.268596 -0.971192 0.069100 0.977681 0.198409 99.165169 0.259910 -0.209659 0.942597 5.776032 0.000000 0.000000 0.000000 1.000000
0.961012 -0.004550 -0.276471 -0.232092 0.063313 0.976921 0.204000 97.072304 0.269162 -0.213550 0.939121 6.395844 0.000000 0.000000 0.000000 1.000000
0.974685 0.011334 -0.223297 0.147284 0.035613 0.978094 0.205097 94.843781 0.220730 -0.207857 0.952929 6.947618 0.000000 0.000000 0.000000 1.000000
0.989876 0.029915 -0.138750 0.128728 -0.001121 0.979155 0.203113 92.951187 0.141934 -0.200902 0.969275 7.591583 0.000000 0.000000 0.000000 1.000000
0.996548 0.045560 -0.069395 0.090654 -0.030414 0.978195 0.205450 91.482025 0.077242 -0.202631 0.976204 8.380367 0.000000 0.000000 0.000000 1.000000
0.997364 0.051746 -0.050875 0.448178 -0.039391 0.974860 0.219309 90.255989 0.060944 -0.216726 0.974328 9.241646 0.000000 0.000000 0.000000 1.000000
0.995016 0.048942 -0.086883 1.316145 -0.026231 0.969051 0.245462 89.195244 0.096207 -0.241959 0.965505 10.112707 0.000000 0.000000 0.000000 1.000000
0.987759 0.043727 -0.149734 2.444442 -0.000559 0.960892 0.276921 88.534187 0.155987 -0.273448 0.949155 11.002416 0.000000 0.000000 0.000000 1.000000
0.979254 0.041486 -0.198344 3.501418 0.021028 0.952729 0.303092 88.638962 0.201542 -0.300975 0.932092 11.896561 0.000000 0.000000 0.000000 1.000000
0.978084 0.042107 -0.203909 4.278043 0.024995 0.948509 0.315762 89.717491 0.206706 -0.313938 0.926669 12.745695 0.000000 0.000000 0.000000 1.000000
0.984851 0.043068 -0.167971 4.690898 0.011838 0.949708 0.312913 91.638443 0.172999 -0.310161 0.934811 13.512135 0.000000 0.000000 0.000000 1.000000
0.991524 0.041535 -0.123108 4.747332 -0.002768 0.954064 0.299591 93.910103 0.129896 -0.296711 0.946092 14.166525 0.000000 0.000000 0.000000 1.000000
0.993193 0.035159 -0.111045 4.657240 -0.001978 0.958308 0.285731 96.007629 0.116461 -0.283567 0.951854 14.658222 0.000000 0.000000 0.000000 1.000000
0.988396 0.025105 -0.149811 4.658934 0.018018 0.959907 0.279737 97.635895 0.150827 -0.279191 0.948316 15.018394 0.000000 0.000000 0.000000 1.000000
0.975381 0.016881 -0.219879 4.808156 0.046739 0.958590 0.280928 98.718613 0.215517 -0.284289 0.934201 15.309015 0.000000 0.000000 0.000000 1.000000
0.959585 0.013421 -0.281099 4.974137 0.068306 0.957885 0.278911 99.264404 0.273004 -0.286840 0.918255 15.553782 0.000000 0.000000 0.000000 1.000000
0.953724 0.012761 -0.300413 4.953304 0.070127 0.962107 0.263499 99.306610 0.292392 -0.272373 0.916690 15.786714 0.000000 0.000000 0.000000 1.000000
0.963774 0.015232 -0.266284 4.512147 0.050003 0.970348 0.236483 98.880539 0.261990 -0.241231 0.934435 16.100069 0.000000 0.000000 0.000000 1.000000
0.981100 0.021296 -0.192328 3.476328 0.020390 0.977015 0.212194 97.976608 0.192426 -0.212105 0.958115 16.558743 0.000000 0.000000 0.000000 1.000000
0.993262 0.024733 -0.113224 2.088580 -0.001048 0.978839 0.204631 96.583359 0.115889 -0.203133 0.972269 17.136518 0.000000 0.000000 0.000000 1.000000
0.997548 0.021545 -0.066586 0.805022 -0.006779 0.976704 0.214482 94.920555 0.069656 -0.213505 0.974456 17.732695 0.000000 0.000000 0.000000 1.000000
0.997324 0.016493 -0.071219 -0.093206 0.000404 0.972958 0.230981 93.314346 0.073103 -0.230392 0.970348 18.350878 0.000000 0.000000 0.000000 1.000000
0.992915 0.013797 -0.118022 -0.629683 0.015625 0.969452 0.244781 92.040535 0.117794 -0.244891 0.962368 19.034994 0.000000 0.000000 0.000000 1.000000
0.984601 0.012935 -0.174339 -1.059470 0.032476 0.966365 0.255116 91.321899 0.171775 -0.256849 0.951064 19.787605 0.000000 0.000000 0.000000 1.000000
0.979446 0.012724 -0.201305 -1.723570 0.042003 0.963265 0.265249 91.247063 0.197285 -0.268253 0.942931 20.574059 0.000000 0.000000 0.000000 1.000000
0.983986 0.013284 -0.177748 -2.799738 0.036886 0.960456 0.275978 91.725677 0.174386 -0.278115 0.944586 21.315746 0.000000 0.000000 0.000000 1.000000
0.993057 0.014027 -0.116793 -4.129891 0.020049 0.958154 0.285551 92.600372 0.115911 -0.285910 0.951220 21.907471 0.000000 0.000000 0.000000 1.000000
0.998015 0.012871 -0.061641 -5.324822 0.005747 0.956184 0.292711 93.793121 0.062707 -0.292485 0.954212 22.252781 0.000000 0.000000 0.000000 1.000000
0.998464 0.009866 -0.054523 -5.960583 0.006795 0.954789 0.297207 95.365677 0.054990 -0.297120 0.953255 22.341217 0.000000 0.000000 0.000000 1.000000
0.994508 0.008194 -0.104337 -5.823835 0.023346 0.954441 0.297486 97.415405 0.102021 -0.298288 0.949008 22.270298 0.000000 0.000000 0.000000 1.000000
0.983011 0.010400 -0.183253 -4.953175 0.043644 0.956515 0.288401 99.733376 0.178283 -0.291499 0.939810 22.052805 0.000000 0.000000 0.000000 1.000000
0.967613 0.013516 -0.252076 -3.604376 0.054885 0.963415 0.262335 101.888992 0.246399 -0.267674 0.931471 21.571556 0.000000 0.000000 0.000000 1.000000
0.958602 0.013958 -0.284409 -2.153670 0.049806 0.975182 0.215731 103.478516 0.280361 -0.220966 0.934115 20.750380 0.000000 0.000000 0.000000 1.000000
0.962164 0.017266 -0.271923 -0.999029 0.026492 0.987334 0.156430 104.397156 0.271180 -0.157715 0.949520 19.700893 0.000000 0.000000 0.000000 1.000000
0.974434 0.034036 -0.222081 -0.361893 -0.011522 0.994728 0.101895 104.841042 0.224378 -0.096731 0.969689 18.679237 0.000000 0.000000 0.000000 1.000000
0.985651 0.062626 -0.156747 -0.122195 -0.052713 0.996385 0.066625 105.002930 0.160353 -0.057406 0.985389 17.913067 0.000000 0.000000 0.000000 1.000000
0.990423 0.086641 -0.107493 0.113506 -0.081344 0.995290 0.052725 104.886505 0.111555 -0.043477 0.992807 17.435783 0.000000 0.000000 0.000000 1.000000
0.990048 0.090494 -0.107781 0.713565 -0.084909 0.994851 0.055339 104.405937 0.112233 -0.045637 0.992633 17.154999 0.000000 0.000000 0.000000 1.000000
0.980591 0.074815 -0.181228 1.852542 -0.062260 0.995312 0.074009 103.734154 0.185915 -0.061289 0.980652 17.078049 0.000000 0.000000 0.000000 1.000000
0.943815 0.058528 -0.325250 3.549262 -0.022897 0.993409 0.112317 103.111809 0.329680 -0.098560 0.938934 17.383810 0.000000 0.000000 0.000000 1.000000
0.864060 0.064463 -0.499244 5.556516 0.021974 0.985991 0.165344 102.837769 0.502909 -0.153837 0.850539 18.073404 0.000000 0.000000 0.000000 1.000000
0.759171 0.094270 -0.644028 7.478651 0.061126 0.974757 0.214736 102.964989 0.648014 -0.202388 0.734245 18.821856 0.000000 0.000000 0.000000 1.000000
0.676096 0.126112 -0.725941 9.042719 0.080057 0.966837 0.242522 103.398247 0.732452 -0.222085 0.643578 19.280447 0.000000 0.000000 0.000000 1.000000
0.648308 0.144799 -0.747482 10.133716 0.068506 0.966673 0.246677 104.132217 0.758290 -0.211129 0.616783 19.388214 0.000000 0.000000 0.000000 1.000000
0.668769 0.155973 -0.726926 10.681378 0.032863 0.970589 0.238488 105.021576 0.742744 -0.183382 0.643974 19.276340 0.000000 0.000000 0.000000 1.000000
0.699881 0.166945 -0.694475 10.853738 -0.007090 0.973877 0.226964 105.874184 0.714224 -0.153924 0.682782 19.094160 0.000000 0.000000 0.000000 1.000000
0.701946 0.169454 -0.691778 10.944346 -0.028766 0.977237 0.210190 106.449608 0.711649 -0.127642 0.690842 18.835802 0.000000 0.000000 0.000000 1.000000
0.648419 0.152737 -0.745804 11.241301 -0.021161 0.982904 0.182896 106.746796 0.760990 -0.102812 0.640566 18.491644 0.000000 0.000000 0.000000 1.000000
0.529490 0.118517 -0.839996 11.839246 0.012947 0.988948 0.147694 106.912529 0.848217 -0.089078 0.522104 18.282864 0.000000 0.000000 0.000000 1.000000
0.369456 0.084149 -0.925430 12.534006 0.058762 0.991783 0.113642 106.935890 0.927388 -0.096366 0.361476 18.413973 0.000000 0.000000 0.000000 1.000000
0.229082 0.061495 -0.971463 12.992888 0.096922 0.991602 0.085625 106.676392 0.968570 -0.113772 0.221198 18.711229 0.000000 0.000000 0.000000 1.000000
0.162436 0.043451 -0.985762 13.012630 0.112478 0.991703 0.062247 106.096092 0.980287 -0.120987 0.156201 18.793365 0.000000 0.000000 0.000000 1.000000
0.180836 0.024463 -0.983209 12.480071 0.102936 0.993729 0.043657 105.427101 0.978112 -0.109102 0.177184 18.444613 0.000000 0.000000 0.000000 1.000000
0.254737 0.012128 -0.966934 11.386568 0.078804 0.996335 0.033257 104.772278 0.963794 -0.084670 0.252848 17.666679 0.000000 0.000000 0.000000 1.000000
0.332892 0.010016 -0.942912 10.015760 0.056634 0.997926 0.030595 103.896477 0.941263 -0.063586 0.331634 16.704018 0.000000 0.000000 0.000000 1.000000
0.369438 0.010081 -0.929201 8.806323 0.048182 0.998388 0.029988 102.446457 0.928005 -0.055850 0.368357 15.907450 0.000000 0.000000 0.000000 1.000000
0.344002 0.007958 -0.938935 8.038650 0.055785 0.998025 0.028898 100.282532 0.937310 -0.062319 0.342879 15.551793 0.000000 0.000000 0.000000 1.000000
0.268987 0.011319 -0.963077 7.571333 0.076454 0.996525 0.033066 97.594681 0.960105 -0.082525 0.267187 15.662673 0.000000 0.000000 0.000000 1.000000
0.187372 0.031038 -0.981799 6.950623 0.100847 0.993611 0.050658 94.960938 0.977099 -0.108504 0.183045 15.925804 0.000000 0.000000 0.000000 1.000000
0.150187 0.065401 -0.986492 5.740923 0.113580 0.990062 0.082930 93.137711 0.982112 -0.124501 0.141266 15.920190 0.000000 0.000000 0.000000 1.000000
0.180411 0.101492 -0.978341 3.870291 0.102049 0.987363 0.121246 92.664932 0.978283 -0.121713 0.167774 15.426103 0.000000 0.000000 0.000000 1.000000
0.256714 0.130412 -0.957649 1.693799 0.068357 0.985923 0.152587 93.555565 0.964067 -0.104633 0.244186 14.652898 0.000000 0.000000 0.000000 1.000000
0.329281 0.149468 -0.932327 -0.220082 0.031092 0.985140 0.168916 95.176071 0.943720 -0.084609 0.319740 13.899627 0.000000 0.000000 0.000000 1.000000
0.354375 0.156653 -0.921888 -1.433521 0.012532 0.984984 0.172192 96.581169 0.935019 -0.072573 0.347091 13.491403 0.000000 0.000000 0.000000 1.000000
0.319037 0.153849 -0.935172 -1.938373 0.022037 0.985265 0.169608 97.197128 0.947486 -0.074719 0.310945 13.581656 0.000000 0.000000 0.000000 1.000000
0.244816 0.147499 -0.958284 -2.155373 0.050512 0.985078 0.164528 97.308495 0.968253 -0.088684 0.233713 14.047996 0.000000 0.000000 0.000000 1.000000
0.175042 0.139115 -0.974683 -2.545933 0.076836 0.985018 0.154389 97.678154 0.981558 -0.101915 0.161731 14.568277 0.000000 0.000000 0.000000 1.000000
0.146690 0.123527 -0.981439 -3.320279 0.083620 0.987072 0.136734 98.775551 0.985642 -0.102126 0.134464 14.860933 0.000000 0.000000 0.000000 1.000000
0.167120 0.100430 -0.980808 -4.452149 0.069348 0.991137 0.113304 100.391739 0.983495 -0.086952 0.158674 14.838795 0.000000 0.000000 0.000000 1.000000
0.211499 0.076609 -0.974371 -5.761892 0.045278 0.995085 0.088066 101.879868 0.976329 -0.062743 0.206991 14.638335 0.000000 0.000000 0.000000 1.000000
0.238847 0.057382 -0.969360 -7.013364 0.025679 0.997530 0.065377 102.571762 0.970718 -0.040507 0.236784 14.550625 0.000000 0.000000 0.000000 1.000000
0.217062 0.045721 -0.975087 -8.062718 0.018415 0.998533 0.050920 102.236183 0.975984 -0.029009 0.215901 14.886484 0.000000 0.000000 0.000000 1.000000
0.140655 0.045413 -0.989017 -8.950953 0.025192 0.998460 0.049429 101.018097 0.989738 -0.031868 0.139294 15.735517 0.000000 0.000000 0.000000 1.000000
0.035498 0.057182 -0.997732 -9.823972 0.042452 0.997374 0.058672 99.195358 0.998468 -0.044438 0.032977 16.926271 0.000000 0.000000 0.000000 1.000000
-0.053133 0.072383 -0.995961 -10.817236 0.060840 0.995751 0.069123 97.237747 0.996732 -0.056922 -0.057311 18.020205 0.000000 0.000000 0.000000 1.000000
-0.085328 0.078198 -0.993280 -11.952087 0.064106 0.995281 0.072849 95.547997 0.994288 -0.057459 -0.089938 18.688423 0.000000 0.000000 0.000000 1.000000
-0.046818 0.073454 -0.996199 -13.226821 0.041157 0.996588 0.071549 94.439835 0.998055 -0.037651 -0.049681 18.796364 0.000000 0.000000 0.000000 1.000000
0.042116 0.075311 -0.996270 -14.700125 -0.001901 0.997159 0.075298 93.914749 0.999111 -0.001277 0.042139 18.623898 0.000000 0.000000 0.000000 1.000000
0.130625 0.099117 -0.986465 -16.377184 -0.038206 0.994754 0.094890 93.779625 0.990695 0.025294 0.133727 18.784990 0.000000 0.000000 0.000000 1.000000
0.168024 0.138123 -0.976058 -18.080770 -0.037428 0.990315 0.133698 93.898720 0.985072 0.014067 0.171566 19.757753 0.000000 0.000000 0.000000 1.000000
0.137018 0.179102 -0.974243 -19.618435 0.010522 0.983200 0.182229 94.325729 0.990513 -0.035219 0.132831 21.500343 0.000000 0.000000 0.000000 1.000000
0.058761 0.216374 -0.974541 -20.978062 0.083587 0.971733 0.220791 95.167603 0.994766 -0.094433 0.039014 23.334925 0.000000 0.000000 0.000000 1.000000
-0.022280 0.238927 -0.970782 -22.193983 0.141864 0.961953 0.233498 96.240280 0.989635 -0.132517 -0.055327 24.616903 0.000000 0.000000 0.000000 1.000000
-0.063551 0.233354 -0.970313 -23.304335 0.154723 0.962826 0.221420 97.276535 0.985912 -0.136058 -0.097293 25.074398 0.000000 0.000000 0.000000 1.000000
-0.046693 0.205453 -0.977552 -24.411726 0.121280 0.972546 0.198608 98.339920 0.991520 -0.109284 -0.070329 24.813992 0.000000 0.000000 0.000000 1.000000
0.010657 0.177742 -0.984019 -25.611250 0.063703 0.981956 0.178059 99.441147 0.997912 -0.064582 -0.000858 24.279163 0.000000 0.000000 0.000000 1.000000
0.061349 0.163005 -0.984716 -26.873159 0.013300 0.986353 0.164105 100.441734 0.998028 -0.023164 0.058343 23.861614 0.000000 0.000000 0.000000 1.000000
0.063488 0.156595 -0.985620 -28.089191 -0.008144 0.987661 0.156394 101.175446 0.997949 -0.001902 0.063980 23.792568 0.000000 0.000000 0.000000 1.000000
0.010828 0.153842 -0.988036 -29.275007 0.002871 0.988085 0.153881 101.477219 0.999937 -0.004503 0.010257 24.030787 0.000000 0.000000 0.000000 1.000000
-0.064681 0.154470 -0.985878 -30.582554 0.032165 0.987756 0.152654 101.167953 0.997388 -0.021837 -0.068857 24.301357 0.000000 0.000000 0.000000 1.000000
-0.116651 0.151978 -0.981476 -32.074333 0.056343 0.987644 0.146236 100.260757 0.991573 -0.038241 -0.123773 24.260986 0.000000 0.000000 0.000000 1.000000
-0.117191 0.138730 -0.983372 -33.675354 0.057837 0.989468 0.132697 99.065987 0.991424 -0.041324 -0.123980 23.695866 0.000000 0.000000 0.000000 1.000000
-0.073858 0.121034 -0.989897 -35.365955 0.037731 0.992236 0.118504 98.111282 0.996555 -0.028597 -0.077852 22.623564 0.000000 0.000000 0.000000 1.000000
-0.024767 0.112856 -0.993303 -37.180462 0.011263 0.993576 0.112607 97.787971 0.999630 -0.008399 -0.025879 21.350943 0.000000 0.000000 0.000000 1.000000
-0.013168 0.118995 -0.992807 -39.164753 -0.003020 0.992884 0.119045 97.864670 0.999909 0.004566 -0.012714 20.286985 0.000000 0.000000 0.000000 1.000000
-0.057734 0.136432 -0.988966 -41.213623 0.002817 0.990636 0.136499 97.861031 0.998328 0.005095 -0.057578 19.625566 0.000000 0.000000 0.000000 1.000000
-0.141265 0.162306 -0.976576 -43.108524 0.023025 0.986741 0.160664 97.459946 0.989704 0.000211 -0.143129 19.233334 0.000000 0.000000 0.000000 1.000000
-0.222006 0.189443 -0.956465 -44.726814 0.042163 0.981891 0.184693 96.763878 0.974133 0.000676 -0.225973 18.850870 0.000000 0.000000 0.000000 1.000000
-0.259959 0.206093 -0.943370 -46.270050 0.045462 0.978487 0.201237 96.191460 0.964549 0.009426 -0.263736 18.362030 0.000000 0.000000 0.000000 1.000000
-0.238895 0.207971 -0.948513 -48.073723 0.028081 0.977867 0.207335 96.170403 0.970639 0.022896 -0.239447 17.789427 0.000000 0.000000 0.000000 1.000000
-0.175627 0.202565 -0.963391 -50.236607 0.000374 0.978616 0.205698 96.841988 0.984457 0.035765 -0.171947 17.257368 0.000000 0.000000 0.000000 1.000000
-0.114777 0.196611 -0.973740 -52.520222 -0.019694 0.979575 0.200110 98.033127 0.993196 0.042144 -0.108561 16.890667 0.000000 0.000000 0.000000 1.000000
-0.100104 0.189354 -0.976793 -54.612343 -0.019945 0.981145 0.192242 99.427795 0.994777 0.038726 -0.094440 16.787378 0.000000 0.000000 0.000000 1.000000
-0.142163 0.181563 -0.973049 -56.435940 -0.000718 0.983014 0.183528 100.865257 0.989843 0.026789 -0.139618 16.999666 0.000000 0.000000 0.000000 1.000000
-0.212992 0.177769 -0.960746 -58.111275 0.027360 0.984008 0.176008 102.455421 0.976671 0.011202 -0.214449 17.546900 0.000000 0.000000 0.000000 1.000000
-0.271503 0.176999 -0.946022 -59.740292 0.051657 0.984207 0.169318 104.401810 0.961050 -0.002898 -0.276358 18.380548 0.000000 0.000000 0.000000 1.000000
-0.293608 0.170716 -0.940559 -61.326279 0.063933 0.985228 0.158866 106.743889 0.953786 -0.013489 -0.300185 19.368649 0.000000 0.000000 0.000000 1.000000
-0.277436 0.150069 -0.948951 -62.781361 0.061170 0.988480 0.138437 109.184814 0.958795 -0.019640 -0.283420 20.328793 0.000000 0.000000 0.000000 1.000000
-0.229153 0.113125 -0.966794 -63.964558 0.045651 0.993380 0.105416 111.116241 0.972319 -0.019979 -0.232800 21.132992 0.000000 0.000000 0.000000 1.000000
-0.152580 0.067789 -0.985964 -64.816620 0.023918 0.997606 0.064888 112.093819 0.988002 -0.013681 -0.153836 21.800613 0.000000 0.000000 0.000000 1.000000
-0.052369 0.028566 -0.998219 -65.436455 0.005806 0.999583 0.028300 112.207520 0.998611 -0.004313 -0.052513 22.501362 0.000000 0.000000 0.000000 1.000000
0.058179 0.006526 -0.998285 -65.925903 0.001171 0.999977 0.006606 111.783325 0.998305 -0.001553 0.058170 23.451883 0.000000 0.000000 0.000000 1.000000
0.158578 0.002265 -0.987344 -66.229301 0.015164 0.999874 0.004729 111.029221 0.987230 -0.015722 0.158524 24.741779 0.000000 0.000000 0.000000 1.000000
0.234732 0.010152 -0.972007 -66.232246 0.046271 0.998695 0.021605 109.923042 0.970958 -0.050047 0.233956 26.177586 0.000000 0.000000 0.000000 1.000000
0.294523 0.025952 -0.955292 -66.072098 0.081423 0.995315 0.052143 108.621109 0.952169 -0.093140 0.291030 27.344597 0.000000 0.000000 0.000000 1.000000
0.369155 0.045353 -0.928260 -66.148979 0.100525 0.991000 0.088396 107.406601 0.923915 -0.125945 0.361274 27.905399 0.000000 0.000000 0.000000 1.000000
0.491690 0.061145 -0.868621 -66.786598 0.091640 0.988359 0.121448 106.576401 0.865935 -0.139315 0.480363 27.939186 0.000000 0.000000 0.000000 1.000000
0.663623 0.071664 -0.744626 -68.015251 0.055201 0.987996 0.144282 106.043579 0.746027 -0.136853 0.651701 27.900347 0.000000 0.000000 0.000000 1.000000
0.837297 0.081549 -0.540632 -69.629280 0.003523 0.987989 0.154484 105.505409 0.546737 -0.131253 0.826953 28.221306 0.000000 0.000000 0.000000 1.000000
0.950752 0.091236 -0.296221 -71.316765 -0.045746 0.986535 0.157025 104.919456 0.306558 -0.135741 0.942123 28.989281 0.000000 0.000000 0.000000 1.000000
0.991248 0.094817 -0.091852 -72.759399 -0.078986 0.983486 0.162836 104.429489 0.105774 -0.154156 0.982368 29.930792 0.000000 0.000000 0.000000 1.000000
0.996223 0.084529 0.019870 -73.760979 -0.086720 0.980205 0.177982 104.169334 -0.004432 -0.179033 0.983833 30.674753 0.000000 0.000000 0.000000 1.000000
0.996856 0.060193 0.051519 -74.337845 -0.069090 0.978690 0.193370 104.018135 -0.038781 -0.196322 0.979772 31.087400 0.000000 0.000000 0.000000 1.000000
0.997679 0.030963 0.060651 -74.698875 -0.042081 0.980565 0.191627 103.733688 -0.053539 -0.193734 0.979592 31.265297 0.000000 0.000000 0.000000 1.000000
0.994331 0.010723 0.105787 -75.158646 -0.028270 0.985753 0.165804 103.236916 -0.102502 -0.167854 0.980468 31.335695 0.000000 0.000000 0.000000 1.000000
0.977548 0.010095 0.210470 -76.135124 -0.037589 0.991184 0.127047 102.440117 -0.207332 -0.132106 0.969310 31.458164 0.000000 0.000000 0.000000 1.000000
0.934709 0.025715 0.354482 -77.713409 -0.062966 0.993583 0.093955 101.274849 -0.349791 -0.110141 0.930331 31.770674 0.000000 0.000000 0.000000 1.000000
0.869024 0.038178 0.493294 -79.492989 -0.088200 0.993003 0.078529 99.670181 -0.486844 -0.111752 0.866311 32.156593 0.000000 0.000000 0.000000 1.000000
0.806065 0.035429 0.590766 -80.923599 -0.104525 0.991037 0.083184 97.980682 -0.582524 -0.128802 0.802544 32.383896 0.000000 0.000000 0.000000 1.000000
0.771900 0.017782 0.635496 -81.689552 -0.109331 0.988429 0.105140 96.672920 -0.626273 -0.150637 0.764912 32.321167 0.000000 0.000000 0.000000 1.000000
0.768572 -0.008107 0.639712 -81.837738 -0.103811 0.985088 0.137207 95.953842 -0.631285 -0.171863 0.756269 32.025604 0.000000 0.000000 0.000000 1.000000
0.773118 -0.033439 0.633380 -81.660507 -0.094102 0.981510 0.166682 95.603798 -0.627242 -0.188467 0.755677 31.660858 0.000000 0.000000 0.000000 1.000000
0.757573 -0.050224 0.650816 -81.440422 -0.090640 0.979282 0.181081 95.244057 -0.646427 -0.196172 0.737325 31.399513 0.000000 0.000000 0.000000 1.000000
0.706641 -0.054599 0.705463 -81.272209 -0.101798 0.978801 0.177722 94.750816 -0.700212 -0.197400 0.686103 31.406015 0.000000 0.000000 0.000000 1.000000
0.627471 -0.050447 0.777004 -81.052719 -0.125969 0.978177 0.165235 94.337639 -0.768383 -0.201558 0.607423 31.733667 0.000000 0.000000 0.000000 1.000000
0.552219 -0.047109 0.832367 -80.609886 -0.150065 0.976479 0.154823 94.272041 -0.820082 -0.210405 0.532161 32.128349 0.000000 0.000000 0.000000 1.000000
0.514783 -0.049496 0.855891 -79.862610 -0.158579 0.975608 0.151798 94.713875 -0.842527 -0.213869 0.494377 32.146427 0.000000 0.000000 0.000000 1.000000
0.517388 -0.057892 0.853791 -78.689285 -0.145598 0.977207 0.154492 95.586136 -0.843274 -0.204243 0.497166 31.544554 0.000000 0.000000 0.000000 1.000000
0.529168 -0.070724 0.845564 -76.984421 -0.118782 0.980534 0.156348 96.602463 -0.840162 -0.183172 0.510466 30.514948 0.000000 0.000000 0.000000 1.000000
0.516331 -0.080147 0.852630 -74.800987 -0.092267 0.984610 0.148428 97.512924 -0.851404 -0.155308 0.500990 29.411268 0.000000 0.000000 0.000000 1.000000
0.468980 -0.075811 0.879949 -72.381821 -0.074606 0.989348 0.124999 98.299461 -0.880052 -0.124272 0.458328 28.489273 0.000000 0.000000 0.000000 1.000000
0.405982 -0.055827 0.912174 -69.954597 -0.065169 0.993823 0.089829 99.034363 -0.911554 -0.095915 0.399836 27.817307 0.000000 0.000000 0.000000 1.000000
0.361274 -0.031190 0.931938 -67.532059 -0.058066 0.996748 0.055869 99.816284 -0.930650 -0.074298 0.358289 27.259447 0.000000 0.000000 0.000000 1.000000
0.358877 -0.017117 0.933228 -64.886780 -0.048599 0.998133 0.036996 100.623734 -0.932119 -0.058631 0.357375 26.562765 0.000000 0.000000 0.000000 1.000000
0.396197 -0.021819 0.917906 -61.696842 -0.034509 0.998657 0.038633 101.147758 -0.917517 -0.046983 0.394912 25.559290 0.000000 0.000000 0.000000 1.000000
0.449381 -0.041933 0.892356 -57.775616 -0.014550 0.998422 0.054244 100.975212 -0.893222 -0.037361 0.448061 24.237823 0.000000 0.000000 0.000000 1.000000
0.491310 -0.067170 0.868391 -53.272179 0.011037 0.997422 0.070906 100.132484 -0.870915 -0.025253 0.490784 22.734974 0.000000 0.000000 0.000000 1.000000
0.505144 -0.088122 0.858525 -48.520176 0.037816 0.996078 0.079990 99.175896 -0.862206 -0.007941 0.506495 21.264263 0.000000 0.000000 0.000000 1.000000
0.486541 -0.101150 0.867783 -43.843567 0.059460 0.994806 0.082618 98.605919 -0.871632 0.011401 0.490028 19.986807 0.000000 0.000000 0.000000 1.000000
0.442597 -0.110299 0.889911 -39.686214 0.075436 0.993468 0.085617 98.164200 -0.893542 0.029237 0.448026 19.026014 0.000000 0.000000 0.000000 1.000000
0.390418 -0.122698 0.912425 -36.400242 0.089390 0.991448 0.095076 97.303474 -0.916288 0.044442 0.398047 18.388912 0.000000 0.000000 0.000000 1.000000
0.351966 -0.143753 0.924908 -33.923756 0.105163 0.987953 0.113533 96.013077 -0.930087 0.057306 0.362843 17.979250 0.000000 0.000000 0.000000 1.000000
0.342320 -0.173913 0.923348 -31.732687 0.124433 0.982456 0.138914 94.881653 -0.931307 0.067341 0.357955 17.650263 0.000000 0.000000 0.000000 1.000000
0.359291 -0.206803 0.910023 -29.433107 0.146751 0.975526 0.163749 94.390167 -0.921615 0.074713 0.380846 17.270992 0.000000 0.000000 0.000000 1.000000
0.382018 -0.229268 0.895265 -27.014029 0.163571 0.970218 0.178666 94.502304 -0.909564 0.078186 0.408142 16.872398 0.000000 0.000000 0.000000 1.000000
0.383468 -0.230284 0.894383 -24.667875 0.164687 0.969944 0.179129 95.001801 -0.908752 0.078603 0.409867 16.660179 0.000000 0.000000 0.000000 1.000000
0.346975 -0.209001 0.914291 -22.458536 0.143638 0.975195 0.168412 95.755203 -0.926810 0.072892 0.368388 16.841259 0.000000 0.000000 0.000000 1.000000
0.278313 -0.176172 0.944196 -20.250479 0.103666 0.982802 0.152818 96.858826 -0.954880 0.055350 0.291789 17.445997 0.000000 0.000000 0.000000 1.000000
0.207977 -0.144950 0.967334 -17.897877 0.056694 0.989083 0.136020 98.377090 -0.976489 0.026553 0.213924 18.286057 0.000000 0.000000 0.000000 1.000000
0.173984 -0.121288 0.977251 -15.416710 0.017104 0.992609 0.120149 100.152077 -0.984600 -0.004189 0.174773 19.066256 0.000000 0.000000 0.000000 1.000000
0.193505 -0.105460 0.975415 -12.948999 -0.005416 0.994076 0.108552 101.888184 -0.981084 -0.026288 0.191788 19.577494 0.000000 0.000000 0.000000 1.000000
0.249310 -0.095513 0.963702 -10.594645 -0.010367 0.994804 0.101278 103.315277 -0.968368 -0.035241 0.247024 19.837566 0.000000 0.000000 0.000000 1.000000
0.304273 -0.084623 0.948819 -8.319921 -0.004863 0.995895 0.090381 104.311981 -0.952573 -0.032114 0.302612 20.064503 0.000000 0.000000 0.000000 1.000000
0.331483 -0.065097 0.941213 -5.957996 0.002927 0.997683 0.067972 104.931915 -0.943457 -0.019777 0.330905 20.496485 0.000000 0.000000 0.000000 1.000000
0.329629 -0.039543 0.943282 -3.313273 0.007533 0.999201 0.039254 105.218246 -0.944080 -0.005834 0.329664 21.281662 0.000000 0.000000 0.000000 1.000000
0.313966 -0.021040 0.949201 -0.403743 0.005814 0.999778 0.020238 105.187073 -0.949416 -0.000836 0.314019 22.500294 0.000000 0.000000 0.000000 1.000000
0.297074 -0.017728 0.954690 2.400036 -0.006024 0.999773 0.020440 104.869492 -0.954836 -0.011823 0.296899 24.149885 0.000000 0.000000 0.000000 1.000000
0.281294 -0.024076 0.959320 4.754228 -0.028110 0.999049 0.033315 104.291901 -0.959210 -0.036338 0.280350 26.065033 0.000000 0.000000 0.000000 1.000000
0.272116 -0.029443 0.961814 6.638325 -0.055038 0.997419 0.046105 103.463318 -0.960689 -0.065482 0.269793 27.877598 0.000000 0.000000 0.000000 1.000000
0.292544 -0.030826 0.955755 8.471500 -0.075241 0.995640 0.055143 102.551102 -0.953287 -0.088044 0.288949 29.200142 0.000000 0.000000 0.000000 1.000000
0.370229 -0.033823 0.928325 10.701470 -0.077443 0.994734 0.067128 101.820274 -0.925707 -0.096745 0.365660 29.865377 0.000000 0.000000 0.000000 1.000000
0.503790 -0.044052 0.862702 13.387712 -0.060289 0.994470 0.085988 101.585205 -0.861720 -0.095331 0.498349 30.038677 0.000000 0.000000 0.000000 1.000000
0.651500 -0.057916 0.756435 16.238783 -0.031596 0.994145 0.103328 101.867928 -0.757991 -0.091218 0.645856 29.998354 0.000000 0.000000 0.000000 1.000000
0.767543 -0.062818 0.637912 18.891491 -0.005697 0.994478 0.104786 102.436035 -0.640973 -0.084062 0.762947 29.847788 0.000000 0.000000 0.000000 1.000000
0.838262 -0.050713 0.542904 21.183468 0.005533 0.996405 0.084531 103.044395 -0.545239 -0.067855 0.835530 29.587751 0.000000 0.000000 0.000000 1.000000
0.875272 -0.024883 0.482990 23.119989 0.000023 0.998678 0.051409 103.725945 -0.483631 -0.044986 0.874115 29.414318 0.000000 0.000000 0.000000 1.000000
0.894479 0.003255 0.447098 24.740829 -0.013752 0.999701 0.020234 104.801025 -0.446898 -0.024247 0.894256 29.670769 0.000000 0.000000 0.000000 1.000000
0.907365 0.022073 0.419764 26.114857 -0.023495 0.999722 -0.001783 106.434959 -0.419687 -0.008245 0.907631 30.493109 0.000000 0.000000 0.000000 1.000000
0.919902 0.025698 0.391306 27.362453 -0.020464 0.999637 -0.017541 108.250328 -0.391615 0.008128 0.920093 31.683716 0.000000 0.000000 0.000000 1.000000
0.934203 0.013343 0.356492 28.624832 -0.002738 0.999539 -0.030236 109.577934 -0.356732 0.027270 0.933809 32.939537 0.000000 0.000000 0.000000 1.000000
0.951313 -0.008982 0.308096 30.032982 0.021118 0.999126 -0.036079 110.201248 -0.307503 0.040829 0.950671 34.164326 0.000000 0.000000 0.000000 1.000000
0.971848 -0.031973 0.233428 31.650387 0.039874 0.998778 -0.029208 110.624252 -0.232209 0.037693 0.971935 35.457394 0.000000 0.000000 0.000000 1.000000
0.991284 -0.048044 0.122668 33.425632 0.049693 0.998710 -0.010416 111.126366 -0.122010 0.016421 0.992393 36.770008 0.000000 0.000000 0.000000 1.000000
0.998616 -0.050361 -0.015143 35.285522 0.050553 0.998642 0.012601 111.267860 0.014488 -0.013349 0.999806 37.923309 0.000000 0.000000 0.000000 1.000000
0.987973 -0.047656 -0.147097 37.040783 0.052862 0.998099 0.031681 110.687187 0.145308 -0.039076 0.988615 38.801006 0.000000 0.000000 0.000000 1.000000
0.971338 -0.048707 -0.232661 38.398315 0.060163 0.997288 0.042395 109.667030 0.229965 -0.055177 0.971634 39.503010 0.000000 0.000000 0.000000 1.000000
0.967677 -0.050831 -0.247017 39.136189 0.063721 0.996976 0.044470 108.671249 0.244010 -0.058773 0.967990 40.175392 0.000000 0.000000 0.000000 1.000000
0.979986 -0.045527 -0.193792 39.198681 0.054642 0.997624 0.041950 107.928261 0.191422 -0.051699 0.980145 40.834198 0.000000 0.000000 0.000000 1.000000
0.993904 -0.026977 -0.106896 38.814697 0.031666 0.998598 0.042412 107.261688 0.105602 -0.045539 0.993365 41.432922 0.000000 0.000000 0.000000 1.000000
0.999175 -0.002480 -0.040528 38.387424 0.004641 0.998567 0.053307 106.526711 0.040338 -0.053451 0.997755 41.956966 0.000000 0.000000 0.000000 1.000000
0.999018 0.016668 -0.041042 38.213406 -0.013435 0.996876 0.077828 105.897728 0.042211 -0.077200 0.996122 42.506573 0.000000 0.000000 0.000000 1.000000
0.992555 0.025063 -0.119193 38.305523 -0.011561 0.993567 0.112653 105.760017 0.121250 -0.110436 0.986460 43.243977 0.000000 0.000000 0.000000 1.000000
0.970251 0.024252 -0.240885 38.487934 0.012085 0.988878 0.148238 106.227051 0.241801 -0.146739 0.959166 44.223232 0.000000 0.000000 0.000000 1.000000
0.937617 0.017596 -0.347225 38.584637 0.045794 0.983766 0.173513 107.009392 0.344642 -0.178589 0.921590 45.279366 0.000000 0.000000 0.000000 1.000000
0.919815 0.009849 -0.392229 38.459564 0.067676 0.980718 0.183334 107.643234 0.386472 -0.195178 0.901413 46.139774 0.000000 0.000000 0.000000 1.000000
0.932844 0.011262 -0.360105 37.859337 0.057857 0.981856 0.180585 107.773689 0.355606 -0.189292 0.915267 46.655163 0.000000 0.000000 0.000000 1.000000
0.964369 0.033515 -0.262429 36.500019 0.012025 0.985365 0.170030 107.289932 0.264287 -0.167128 0.949853 46.948311 0.000000 0.000000 0.000000 1.000000
0.987684 0.072470 -0.138669 34.432129 -0.050877 0.986859 0.153362 106.202927 0.147961 -0.144418 0.978392 47.213577 0.000000 0.000000 0.000000 1.000000
0.993628 0.102193 -0.047543 32.272388 -0.095067 0.986472 0.133549 104.621094 0.060547 -0.128179 0.989901 47.521774 0.000000 0.000000 0.000000 1.000000
0.994657 0.096470 -0.036749 30.697813 -0.091457 0.988585 0.119731 102.439377 0.047880 -0.115730 0.992126 47.781784 0.000000 0.000000 0.000000 1.000000
0.992444 0.047522 -0.113119 29.922462 -0.033661 0.992029 0.121433 99.624664 0.117988 -0.116708 0.986133 48.020702 0.000000 0.000000 0.000000 1.000000
0.972896 -0.018700 -0.230487 29.380775 0.051926 0.988938 0.138945 96.520943 0.225339 -0.147148 0.963104 48.367313 0.000000 0.000000 0.000000 1.000000
0.947950 -0.059852 -0.312743 28.338482 0.115951 0.979626 0.163979 93.601723 0.296557 -0.191707 0.935576 48.741859 0.000000 0.000000 0.000000 1.000000
0.951507 -0.052811 -0.303062 26.501358 0.114672 0.975041 0.190120 90.985329 0.285457 -0.215653 0.933814 48.970455 0.000000 0.000000 0.000000 1.000000
0.981029 0.003621 -0.193829 23.931328 0.039739 0.974838 0.219343 88.864174 0.189746 -0.222884 0.956200 49.218163 0.000000 0.000000 0.000000 1.000000
0.996321 0.078626 -0.034084 21.118238 -0.067304 0.964141 0.256715 87.510826 0.053047 -0.253476 0.965886 49.896240 0.000000 0.000000 0.000000 1.000000
0.988652 0.118827 0.091907 18.917217 -0.141335 0.943081 0.301036 86.713089 -0.050905 -0.310610 0.949173 50.869343 0.000000 0.000000 0.000000 1.000000
0.987061 0.105972 0.120336 17.686024 -0.141371 0.929282 0.341248 86.117691 -0.075663 -0.353844 0.932239 51.567570 0.000000 0.000000 0.000000 1.000000
0.996776 0.065180 0.046794 17.089001 -0.077697 0.929679 0.360084 85.690941 -0.020034 -0.362559 0.931746 51.746418 0.000000 0.000000 0.000000 1.000000
0.996635 0.027085 -0.077366 16.559565 0.001188 0.938958 0.344030 85.625351 0.081961 -0.342964 0.935766 51.540245 0.000000 0.000000 0.000000 1.000000
0.984615 0.011215 -0.174378 15.807594 0.041637 0.954136 0.296463 86.071358 0.169706 -0.299162 0.938990 51.019539 0.000000 0.000000 0.000000 1.000000
0.982164 0.030692 -0.185505 14.797175 0.014955 0.970711 0.239782 87.043747 0.187431 -0.238280 0.952939 50.267719 0.000000 0.000000 0.000000 1.000000
0.990677 0.089073 -0.103080 13.506706 -0.067414 0.978035 0.197238 88.572197 0.118385 -0.188450 0.974921 49.642902 0.000000 0.000000 0.000000 1.000000
0.986192 0.162780 0.030457 12.344627 -0.165598 0.970908 0.172960 90.439461 -0.001416 -0.175615 0.984458 49.476440 0.000000 0.000000 0.000000 1.000000
0.965472 0.215139 0.146899 11.893615 -0.237443 0.958714 0.156485 92.114281 -0.107168 -0.185962 0.976695 49.609009 0.000000 0.000000 0.000000 1.000000
0.956211 0.224968 0.187218 12.506633 -0.253469 0.956355 0.145395 92.888016 -0.146338 -0.186482 0.971499 49.572392 0.000000 0.000000 0.000000 1.000000
0.975167 0.182924 0.124853 14.280222 -0.201050 0.967617 0.152631 92.325600 -0.092890 -0.173942 0.980365 49.187416 0.000000 0.000000 0.000000 1.000000
0.994820 0.098882 -0.023559 16.946499 -0.092771 0.977940 0.187156 90.748871 0.041546 -0.184001 0.982048 48.878357 0.000000 0.000000 0.000000 1.000000
0.980605 0.019345 -0.195040 19.545641 0.027813 0.971313 0.236174 89.255936 0.194013 -0.237018 0.951935 49.097244 0.000000 0.000000 0.000000 1.000000
0.949949 -0.009914 -0.312248 21.282633 0.100174 0.956386 0.274392 88.447655 0.295909 -0.291938 0.909511 49.544609 0.000000 0.000000 0.000000 1.000000
0.942595 0.011972 -0.333723 22.013815 0.089387 0.953843 0.286693 88.200447 0.321752 -0.300066 0.898018 49.701199 0.000000 0.000000 0.000000 1.000000
0.962407 0.070819 -0.262218 22.004465 0.004939 0.960688 0.277586 88.269226 0.271568 -0.268445 0.924223 49.562588 0.000000 0.000000 0.000000 1.000000
0.979892 0.139987 -0.142182 21.914211 -0.098609 0.959238 0.264837 88.532890 0.173460 -0.245492 0.953753 49.581253 0.000000 0.000000 0.000000 1.000000
0.983379 0.174941 -0.048591 22.490894 -0.156110 0.951329 0.265713 88.912773 0.092710 -0.253711 0.962827 49.888180 0.000000 0.000000 0.000000 1.000000
0.987195 0.154098 -0.041229 23.946739 -0.136319 0.949190 0.283646 89.281487 0.082844 -0.274393 0.958042 50.190636 0.000000 0.000000 0.000000 1.000000
0.987554 0.099169 -0.122080 25.792423 -0.057404 0.949893 0.307259 89.891327 0.146433 -0.296426 0.943763 50.325451 0.000000 0.000000 0.000000 1.000000
0.970356 0.052250 -0.235963 27.255468 0.027663 0.945921 0.323215 91.128448 0.240091 -0.320161 0.916435 50.301807 0.000000 0.000000 0.000000 1.000000
0.948790 0.040204 -0.313339 27.989149 0.068029 0.942595 0.326934 93.074409 0.308496 -0.331508 0.891590 49.975010 0.000000 0.000000 0.000000 1.000000
0.945838 0.064480 -0.318170 28.097382 0.043095 0.946465 0.319917 95.364487 0.321765 -0.316301 0.892424 49.277554 0.000000 0.000000 0.000000 1.000000
0.958376 0.109252 -0.263781 27.880213 -0.025079 0.952534 0.303397 97.457809 0.284407 -0.284153 0.915625 48.405453 0.000000 0.000000 0.000000 1.000000
