<?xml version="1.0" encoding="utf-8"?>
<COLLADA xmlns="http://www.collada.org/2005/11/COLLADASchema" version="1.4.1">
  <asset><contributor><author>Mixamo</author><authoring_tool>COLLADA Mixamo exporter</authoring_tool><comments></comments></contributor><created>2019-03-10T22:39:35Z</created><modified>2019-03-10T22:39:35Z</modified><revision></revision><title></title><unit meter="0.010000"/><up_axis>Y_UP</up_axis></asset>
  <library_animations>
    <animation id="Hips-anim" name="Hips"><source id="Hips-Matrix-animation-input"><float_array id="Hips-Matrix-animation-input-array" count="121">

0.000000 0.033333 0.066667 0.100000 0.133333 0.166667 0.200000 0.233333 0.266667 0.300000 0.333333 0.366667 0.400000 0.433333 0.466667 0.500000
0.533333 0.566667 0.600000 0.633333 0.666667 0.700000 0.733333 0.766667 0.800000 0.833333 0.866667 0.900000 0.933333 0.966667 1.000000 1.033333
1.066667 1.100000 1.133333 1.166667 1.200000 1.233333 1.266667 1.300000 1.333333 1.366667 1.400000 1.433333 1.466667 1.500000 1.533333 1.566667
1.600000 1.633333 1.666667 1.700000 1.733333 1.766667 1.800000 1.833333 1.866667 1.900000 1.933333 1.966667 2.000000 2.033333 2.066667 2.100000
2.133333 2.166667 2.200000 2.233333 2.266667 2.300000 2.333333 2.366667 2.400000 2.433333 2.466667 2.500000 2.533333 2.566667 2.600000 2.633333
2.666667 2.700000 2.733333 2.766667 2.800000 2.833333 2.866667 2.900000 2.933333 2.966667 3.000000 3.033333 3.066667 3.100000 3.133333 3.166667
3.200000 3.233333 3.266667 3.300000 3.333333 3.366667 3.400000 3.433333 3.466667 3.500000 3.533333 3.566667 3.600000 3.633333 3.666667 3.700000
3.733333 3.766667 3.800000 3.833333 3.866667 3.900000 3.933333 3.966667 4.000000</float_array><technique_common><accessor source="#Hips-Matrix-animation-input-array" count="121"><param name="TIME" type="float"/></accessor></technique_common></source><source id="Hips-Matrix-animation-output-transform"><float_array id="Hips-Matrix-animation-output-transform-array" count="1936">

0.727583 0.052390 -0.684016 0.025238 0.001075 0.996991 0.077505 111.714127 0.686019 -0.057126 0.725338 0.060716 0.000000 0.000000 0.000000 1.000000
0.725912 0.051462 -0.685860 0.039061 0.001690 0.997060 0.076601 111.712830 0.687786 -0.056765 0.723691 0.066220 0.000000 0.000000 0.000000 1.000000
0.724345 0.050151 -0.687611 0.056161 0.002371 0.997164 0.075227 111.714676 0.689434 -0.056120 0.722172 0.063765 0.000000 0.000000 0.000000 1.000000
0.723542 0.049348 -0.688514 0.069564 0.002632 0.997237 0.074240 111.696907 0.690276 -0.055528 0.721413 0.062951 0.000000 0.000000 0.000000 1.000000
0.723154 0.048533 -0.688980 0.080499 0.002615 0.997329 0.072999 111.670471 0.690682 -0.054591 0.721095 0.065271 0.000000 0.000000 0.000000 1.000000
0.723128 0.047515 -0.689078 0.084915 0.002897 0.997414 0.071816 111.658592 0.690708 -0.053929 0.721120 0.063544 0.000000 0.000000 0.000000 1.000000
0.723175 0.046195 -0.689118 0.096714 0.003249 0.997522 0.070279 111.656181 0.690657 -0.053063 0.721233 0.056271 0.000000 0.000000 0.000000 1.000000
0.723572 0.044570 -0.688808 0.106459 0.003955 0.997629 0.068707 111.680450 0.690237 -0.052439 0.721680 0.049122 0.000000 0.000000 0.000000 1.000000
0.723601 0.042398 -0.688915 0.129407 0.004648 0.997790 0.066289 111.676575 0.690203 -0.051169 0.721804 0.054860 0.000000 0.000000 0.000000 1.000000
0.723131 0.039646 -0.689572 0.130615 0.006541 0.997913 0.064233 111.698143 0.690680 -0.050959 0.721363 0.077167 0.000000 0.000000 0.000000 1.000000
0.723739 0.037560 -0.689051 0.138324 0.007348 0.998042 0.062121 111.717255 0.690035 -0.050023 0.722045 0.092750 0.000000 0.000000 0.000000 1.000000
0.725354 0.036109 -0.687428 0.130875 0.007152 0.998174 0.059977 111.726151 0.688339 -0.048421 0.723771 0.110881 0.000000 0.000000 0.000000 1.000000
0.726802 0.035178 -0.685946 0.116542 0.006681 0.998278 0.058275 111.726837 0.686815 -0.046937 0.725316 0.128795 0.000000 0.000000 0.000000 1.000000
0.728695 0.034807 -0.683953 0.100341 0.006152 0.998335 0.057361 111.707954 0.684811 -0.046006 0.727267 0.138408 0.000000 0.000000 0.000000 1.000000
0.733370 0.035373 -0.678909 0.090569 0.004216 0.998390 0.056573 111.638466 0.679817 -0.044352 0.732039 0.154425 0.000000 0.000000 0.000000 1.000000
0.741724 0.036770 -0.669697 0.072829 0.001673 0.998392 0.056669 111.512535 0.670703 -0.043153 0.740469 0.183189 0.000000 0.000000 0.000000 1.000000
0.753842 0.037384 -0.655991 0.013644 -0.000035 0.998382 0.056857 111.402374 0.657056 -0.042838 0.752624 0.207575 0.000000 0.000000 0.000000 1.000000
0.768851 0.037825 -0.638308 -0.104586 -0.001735 0.998369 0.057072 111.340134 0.639425 -0.042773 0.767662 0.230153 0.000000 0.000000 0.000000 1.000000
0.786699 0.038597 -0.616129 -0.264833 -0.003833 0.998330 0.057645 111.317047 0.617325 -0.042987 0.785533 0.265603 0.000000 0.000000 0.000000 1.000000
0.805056 0.037955 -0.591984 -0.374724 -0.005176 0.998362 0.056971 111.290527 0.593177 -0.042800 0.803934 0.314780 0.000000 0.000000 0.000000 1.000000
0.824212 0.036669 -0.565093 -0.467386 -0.005610 0.998381 0.056603 111.262497 0.566254 -0.043482 0.823083 0.376347 0.000000 0.000000 0.000000 1.000000
0.843963 0.034275 -0.535305 -0.527706 -0.005377 0.998447 0.055452 111.214386 0.536374 -0.043921 0.842837 0.452557 0.000000 0.000000 0.000000 1.000000
0.863442 0.031691 -0.503452 -0.564776 -0.005435 0.998551 0.053535 111.152267 0.504419 -0.043488 0.862363 0.550382 0.000000 0.000000 0.000000 1.000000
0.884341 0.028856 -0.465948 -0.585102 -0.005082 0.998624 0.052199 111.081589 0.466813 -0.043794 0.883271 0.646890 0.000000 0.000000 0.000000 1.000000
0.906092 0.024979 -0.422342 -0.579496 -0.004207 0.998738 0.050046 110.988251 0.423060 -0.043569 0.905054 0.766812 0.000000 0.000000 0.000000 1.000000
0.927490 0.020542 -0.373284 -0.553973 -0.002549 0.998814 0.048631 110.882973 0.373840 -0.044153 0.926442 0.937611 0.000000 0.000000 0.000000 1.000000
0.947908 0.015109 -0.318187 -0.520085 0.000164 0.998851 0.047919 110.756516 0.318545 -0.045475 0.946816 1.124877 0.000000 0.000000 0.000000 1.000000
0.967109 0.007401 -0.254254 -0.471007 0.004664 0.998893 0.046816 110.589127 0.254319 -0.046462 0.966004 1.333469 0.000000 0.000000 0.000000 1.000000
0.982492 -0.000726 -0.186301 -0.448673 0.009608 0.998859 0.046776 110.426849 0.186055 -0.047747 0.981379 1.544012 0.000000 0.000000 0.000000 1.000000
0.993819 -0.008412 -0.110694 -0.418430 0.013788 0.998758 0.047889 110.245003 0.110154 -0.049119 0.992700 1.743134 0.000000 0.000000 0.000000 1.000000
0.999227 -0.016035 -0.035884 -0.407822 0.017775 0.998655 0.048703 110.087395 0.035055 -0.049303 0.998169 1.875625 0.000000 0.000000 0.000000 1.000000
0.999174 -0.022371 0.033913 -0.397593 0.020684 0.998570 0.049305 109.947571 -0.034967 -0.048563 0.998208 1.938909 0.000000 0.000000 0.000000 1.000000
0.994641 -0.028054 0.099506 -0.409454 0.023080 0.998443 0.050790 109.801743 -0.100776 -0.048222 0.993740 1.979899 0.000000 0.000000 0.000000 1.000000
0.987643 -0.032992 0.153210 -0.428835 0.025155 0.998288 0.052812 109.707954 -0.154690 -0.048305 0.986781 1.972054 0.000000 0.000000 0.000000 1.000000
0.981648 -0.036288 0.187218 -0.437059 0.026558 0.998176 0.054221 109.662643 -0.188844 -0.048254 0.980821 1.950248 0.000000 0.000000 0.000000 1.000000
0.978502 -0.037858 0.202731 -0.475020 0.027125 0.998092 0.055463 109.648430 -0.204444 -0.048772 0.977662 1.910620 0.000000 0.000000 0.000000 1.000000
0.978352 -0.037054 0.203604 -0.567083 0.026188 0.998098 0.055804 109.637390 -0.205285 -0.049264 0.977462 1.853137 0.000000 0.000000 0.000000 1.000000
0.979839 -0.035537 0.196605 -0.711363 0.024749 0.998064 0.057062 109.660347 -0.198252 -0.051046 0.978821 1.807188 0.000000 0.000000 0.000000 1.000000
0.982210 -0.034171 0.184652 -0.880292 0.023714 0.998003 0.058546 109.697807 -0.186284 -0.053125 0.981059 1.749154 0.000000 0.000000 0.000000 1.000000
0.985173 -0.032879 0.168382 -1.049666 0.022994 0.997914 0.060323 109.718956 -0.170014 -0.055557 0.983874 1.680704 0.000000 0.000000 0.000000 1.000000
0.988464 -0.031304 0.148184 -1.192599 0.022169 0.997773 0.062902 109.683464 -0.149823 -0.058892 0.986957 1.624847 0.000000 0.000000 0.000000 1.000000
0.991638 -0.028850 0.125788 -1.351016 0.020481 0.997521 0.067324 109.601105 -0.127419 -0.064185 0.989770 1.589092 0.000000 0.000000 0.000000 1.000000
0.994517 -0.025886 0.101320 -1.502858 0.018526 0.997166 0.072921 109.538269 -0.102920 -0.070644 0.992178 1.538939 0.000000 0.000000 0.000000 1.000000
0.996895 -0.022363 0.075503 -1.647956 0.016332 0.996695 0.079573 109.533241 -0.077033 -0.078092 0.993966 1.445662 0.000000 0.000000 0.000000 1.000000
0.998807 -0.017999 0.045384 -1.764515 0.014083 0.996267 0.085169 109.552391 -0.046748 -0.084428 0.995332 1.301218 0.000000 0.000000 0.000000 1.000000
0.999863 -0.013153 0.010073 -1.836359 0.012210 0.995993 0.088599 109.588852 -0.011198 -0.088464 0.996016 1.116779 0.000000 0.000000 0.000000 1.000000
0.999543 -0.007911 -0.029183 -1.860798 0.010501 0.995915 0.089681 109.615974 0.028355 -0.089946 0.995543 0.922659 0.000000 0.000000 0.000000 1.000000
0.997409 -0.003060 -0.071880 -1.832606 0.009548 0.995888 0.090087 109.651039 0.071309 -0.090540 0.993337 0.750454 0.000000 0.000000 0.000000 1.000000
0.992795 0.001534 -0.119815 -1.745279 0.009178 0.996007 0.088802 109.737564 0.119473 -0.089262 0.988817 0.576959 0.000000 0.000000 0.000000 1.000000
0.986046 0.005610 -0.166377 -1.655641 0.009116 0.996112 0.087618 109.842529 0.166222 -0.087912 0.982162 0.432108 0.000000 0.000000 0.000000 1.000000
0.977093 0.008535 -0.212641 -1.554874 0.010024 0.996240 0.086052 109.953552 0.212576 -0.086213 0.973334 0.307576 0.000000 0.000000 0.000000 1.000000
0.966248 0.010640 -0.257395 -1.498134 0.011216 0.996462 0.083293 110.057632 0.257370 -0.083369 0.962710 0.170938 0.000000 0.000000 0.000000 1.000000
0.954534 0.011760 -0.297869 -1.474335 0.013103 0.996601 0.081332 110.188484 0.297813 -0.081537 0.951136 0.049011 0.000000 0.000000 0.000000 1.000000
0.941423 0.013034 -0.336977 -1.430426 0.014972 0.996652 0.080379 110.302948 0.336897 -0.080716 0.938075 -0.020196 0.000000 0.000000 0.000000 1.000000
0.925652 0.015588 -0.378055 -1.367513 0.016062 0.996632 0.080420 110.404846 0.378035 -0.080513 0.922284 -0.044757 0.000000 0.000000 0.000000 1.000000
0.906163 0.018695 -0.422516 -1.313250 0.016919 0.996620 0.080383 110.545303 0.422591 -0.079989 0.902784 -0.054961 0.000000 0.000000 0.000000 1.000000
0.882205 0.023040 -0.470301 -1.310820 0.016834 0.996620 0.080402 110.698555 0.470564 -0.078848 0.878836 -0.040146 0.000000 0.000000 0.000000 1.000000
0.853134 0.028023 -0.520939 -1.333747 0.015803 0.996710 0.079497 110.861626 0.521452 -0.076054 0.849884 -0.025376 0.000000 0.000000 0.000000 1.000000
0.818502 0.031571 -0.573636 -1.330934 0.016116 0.996834 0.077857 111.017601 0.574278 -0.072971 0.815402 -0.039073 0.000000 0.000000 0.000000 1.000000
0.779380 0.034078 -0.625624 -1.331003 0.017252 0.996974 0.075796 111.173019 0.626314 -0.069867 0.776434 -0.050290 0.000000 0.000000 0.000000 1.000000
0.735019 0.035479 -0.677118 -1.338987 0.018897 0.997170 0.072761 111.367615 0.677783 -0.066277 0.732269 -0.062785 0.000000 0.000000 0.000000 1.000000
0.688209 0.036348 -0.724601 -1.368464 0.021759 0.997261 0.070692 111.567154 0.725186 -0.064418 0.685533 -0.058188 0.000000 0.000000 0.000000 1.000000
0.638502 0.036453 -0.768756 -1.397486 0.025494 0.997328 0.068465 111.743179 0.769198 -0.063313 0.635867 -0.054583 0.000000 0.000000 0.000000 1.000000
0.586901 0.035326 -0.808888 -1.413273 0.030941 0.997339 0.066005 111.895500 0.809068 -0.063766 0.584246 -0.006577 0.000000 0.000000 0.000000 1.000000
0.535834 0.036253 -0.843545 -1.478869 0.036097 0.997181 0.065785 112.037598 0.843552 -0.065699 0.533014 0.058718 0.000000 0.000000 0.000000 1.000000
0.482342 0.036343 -0.875229 -1.524740 0.042168 0.997017 0.064639 112.181778 0.874967 -0.068085 0.479371 0.149631 0.000000 0.000000 0.000000 1.000000
0.428131 0.037439 -0.902941 -1.590012 0.047520 0.996827 0.063864 112.341156 0.902467 -0.070249 0.424993 0.284939 0.000000 0.000000 0.000000 1.000000
0.376856 0.039326 -0.925437 -1.647446 0.052189 0.996610 0.063603 112.486298 0.924800 -0.072267 0.373526 0.428968 0.000000 0.000000 0.000000 1.000000
0.328481 0.041369 -0.943604 -1.689636 0.055948 0.996434 0.063161 112.637848 0.942852 -0.073540 0.324995 0.600068 0.000000 0.000000 0.000000 1.000000
0.284536 0.043390 -0.957683 -1.717000 0.060007 0.996210 0.062964 112.750473 0.956786 -0.075384 0.280854 0.806064 0.000000 0.000000 0.000000 1.000000
0.248338 0.045482 -0.967605 -1.738421 0.063880 0.995954 0.063210 112.826241 0.966565 -0.077508 0.244427 1.007448 0.000000 0.000000 0.000000 1.000000
0.218837 0.046841 -0.974637 -1.747850 0.068282 0.995663 0.063183 112.911781 0.973369 -0.080377 0.214689 1.190734 0.000000 0.000000 0.000000 1.000000
0.195357 0.047153 -0.979598 -1.742024 0.072491 0.995417 0.062371 113.003151 0.978049 -0.083197 0.191044 1.382986 0.000000 0.000000 0.000000 1.000000
0.178130 0.047150 -0.982877 -1.724448 0.075497 0.995252 0.061426 113.077774 0.981106 -0.085146 0.173725 1.557423 0.000000 0.000000 0.000000 1.000000
0.166110 0.048165 -0.984930 -1.722669 0.077690 0.995063 0.061763 113.122025 0.983042 -0.086778 0.161548 1.723810 0.000000 0.000000 0.000000 1.000000
0.158194 0.049272 -0.986178 -1.733677 0.079929 0.994838 0.062527 113.141144 0.984168 -0.088715 0.153439 1.867053 0.000000 0.000000 0.000000 1.000000
0.153971 0.050119 -0.986803 -1.745948 0.081628 0.994654 0.063254 113.131218 0.984698 -0.090290 0.149056 1.989921 0.000000 0.000000 0.000000 1.000000
0.153493 0.051389 -0.986813 -1.781133 0.082474 0.994496 0.064618 113.106667 0.984702 -0.091305 0.148410 2.089123 0.000000 0.000000 0.000000 1.000000
0.158115 0.053655 -0.985962 -1.847247 0.082166 0.994345 0.067288 113.074051 0.983996 -0.091651 0.152813 2.167173 0.000000 0.000000 0.000000 1.000000
0.167705 0.056393 -0.984223 -1.944800 0.081120 0.994188 0.070786 113.049858 0.982494 -0.091711 0.162156 2.220087 0.000000 0.000000 0.000000 1.000000
0.181447 0.059223 -0.981616 -2.066050 0.080189 0.993970 0.074791 113.036736 0.980126 -0.092286 0.175604 2.264967 0.000000 0.000000 0.000000 1.000000
0.199143 0.062642 -0.977966 -2.212180 0.078791 0.993701 0.079694 113.025169 0.976798 -0.092926 0.192953 2.293183 0.000000 0.000000 0.000000 1.000000
0.221499 0.065836 -0.972936 -2.372456 0.076618 0.993459 0.084668 113.015297 0.972146 -0.093298 0.215006 2.299770 0.000000 0.000000 0.000000 1.000000
0.249902 0.068645 -0.965835 -2.529338 0.071948 0.993410 0.089220 112.984825 0.965594 -0.091786 0.243317 2.268138 0.000000 0.000000 0.000000 1.000000
0.284920 0.071334 -0.955893 -2.684694 0.065480 0.993449 0.093654 112.947021 0.956312 -0.089276 0.278382 2.175542 0.000000 0.000000 0.000000 1.000000
0.324029 0.072789 -0.943243 -2.810876 0.059233 0.993519 0.097017 112.911018 0.944191 -0.087307 0.317618 2.027640 0.000000 0.000000 0.000000 1.000000
0.364541 0.072442 -0.928365 -2.894663 0.054472 0.993603 0.098923 112.860313 0.929593 -0.086631 0.358263 1.846035 0.000000 0.000000 0.000000 1.000000
0.403697 0.071193 -0.912118 -2.953458 0.051225 0.993645 0.100228 112.831551 0.913457 -0.087185 0.397485 1.653625 0.000000 0.000000 0.000000 1.000000
0.438364 0.068295 -0.896199 -2.969696 0.049674 0.993744 0.100026 112.836494 0.897424 -0.088365 0.432229 1.470449 0.000000 0.000000 0.000000 1.000000
0.470880 0.064823 -0.879812 -2.935519 0.048276 0.993909 0.099067 112.807968 0.880875 -0.089122 0.464883 1.313758 0.000000 0.000000 0.000000 1.000000
0.503098 0.060713 -0.862094 -2.869781 0.047188 0.994111 0.097548 112.736023 0.862940 -0.089757 0.497270 1.160655 0.000000 0.000000 0.000000 1.000000
0.535334 0.056886 -0.842723 -2.825270 0.046189 0.994265 0.096457 112.667747 0.843376 -0.090562 0.529636 1.024604 0.000000 0.000000 0.000000 1.000000
0.570083 0.053430 -0.819848 -2.779361 0.044107 0.994454 0.095479 112.572411 0.820402 -0.090592 0.564565 0.918594 0.000000 0.000000 0.000000 1.000000
0.604643 0.049233 -0.794974 -2.722079 0.042884 0.994628 0.094214 112.542961 0.795341 -0.091057 0.599284 0.813853 0.000000 0.000000 0.000000 1.000000
0.635144 0.044404 -0.771116 -2.634580 0.041331 0.994962 0.091336 112.534615 0.771287 -0.089882 0.630109 0.704285 0.000000 0.000000 0.000000 1.000000
0.661425 0.039954 -0.748947 -2.520660 0.038860 0.995413 0.087422 112.525650 0.749004 -0.086927 0.656838 0.619882 0.000000 0.000000 0.000000 1.000000
0.682692 0.036598 -0.729789 -2.403514 0.036066 0.995840 0.083678 112.491814 0.729816 -0.083446 0.678532 0.598289 0.000000 0.000000 0.000000 1.000000
0.698880 0.035487 -0.714358 -2.303659 0.032239 0.996190 0.081028 112.440674 0.714512 -0.079660 0.695073 0.611510 0.000000 0.000000 0.000000 1.000000
0.712317 0.034469 -0.701011 -2.178371 0.027864 0.996617 0.077317 112.364883 0.701305 -0.074607 0.708947 0.614686 0.000000 0.000000 0.000000 1.000000
0.723925 0.033030 -0.689088 -2.050076 0.025291 0.996911 0.074354 112.310852 0.689415 -0.071254 0.720853 0.600872 0.000000 0.000000 0.000000 1.000000
0.734326 0.031217 -0.678079 -1.941283 0.023750 0.997149 0.071626 112.259308 0.678381 -0.068701 0.731491 0.545429 0.000000 0.000000 0.000000 1.000000
0.743597 0.031650 -0.667879 -1.843291 0.021224 0.997258 0.070890 112.200836 0.668291 -0.066888 0.740886 0.476322 0.000000 0.000000 0.000000 1.000000
0.751289 0.033247 -0.659135 -1.737478 0.017949 0.997331 0.070765 112.147453 0.659729 -0.064996 0.748688 0.410385 0.000000 0.000000 0.000000 1.000000
0.756800 0.035547 -0.652680 -1.625652 0.014811 0.997331 0.071492 112.112213 0.653479 -0.063772 0.754253 0.358331 0.000000 0.000000 0.000000 1.000000
0.760167 0.038368 -0.648594 -1.508894 0.012179 0.997238 0.073266 112.078674 0.649613 -0.063593 0.757601 0.322908 0.000000 0.000000 0.000000 1.000000
0.761534 0.041078 -0.646822 -1.389512 0.009821 0.997144 0.074888 112.050117 0.648050 -0.063382 0.758956 0.301916 0.000000 0.000000 0.000000 1.000000
0.761160 0.043408 -0.647109 -1.269116 0.008245 0.997030 0.076578 112.029846 0.648511 -0.063623 0.758542 0.302233 0.000000 0.000000 0.000000 1.000000
0.759868 0.045288 -0.648498 -1.148733 0.007123 0.996930 0.077967 112.005325 0.650039 -0.063864 0.757213 0.309058 0.000000 0.000000 0.000000 1.000000
0.757782 0.046771 -0.650829 -1.029219 0.006594 0.996828 0.079313 111.977661 0.652474 -0.064394 0.755070 0.321630 0.000000 0.000000 0.000000 1.000000
0.754734 0.047387 -0.654318 -0.912410 0.006361 0.996812 0.079529 111.947250 0.656000 -0.064185 0.752026 0.321578 0.000000 0.000000 0.000000 1.000000
0.750909 0.047721 -0.658679 -0.798011 0.006415 0.996812 0.079532 111.913498 0.660375 -0.063947 0.748209 0.307242 0.000000 0.000000 0.000000 1.000000
0.747400 0.047820 -0.662651 -0.687263 0.006160 0.996865 0.078886 111.882477 0.664346 -0.063041 0.744762 0.287894 0.000000 0.000000 0.000000 1.000000
0.744503 0.048179 -0.665879 -0.580136 0.005688 0.996899 0.078490 111.855461 0.667595 -0.062224 0.741920 0.276539 0.000000 0.000000 0.000000 1.000000
0.741705 0.048663 -0.668958 -0.477749 0.005099 0.996927 0.078175 111.830963 0.670707 -0.061394 0.739178 0.272883 0.000000 0.000000 0.000000 1.000000
0.739038 0.049211 -0.671864 -0.381028 0.004465 0.996949 0.077933 111.808395 0.673649 -0.060595 0.736563 0.259588 0.000000 0.000000 0.000000 1.000000
0.736532 0.049772 -0.674568 -0.290995 0.003842 0.996965 0.077755 111.788040 0.676391 -0.059861 0.734106 0.231336 0.000000 0.000000 0.000000 1.000000
0.734219 0.050304 -0.677046 -0.208413 0.003280 0.996977 0.077631 111.764565 0.678905 -0.059219 0.731834 0.195543 0.000000 0.000000 0.000000 1.000000
0.732135 0.050857 -0.679258 -0.134510 0.002698 0.996984 0.077554 111.744812 0.681154 -0.058613 0.729790 0.160549 0.000000 0.000000 0.000000 1.000000
0.730312 0.051405 -0.681177 -0.070287 0.002123 0.996989 0.077514 111.729881 0.683110 -0.058055 0.728004 0.120417 0.000000 0.000000 0.000000 1.000000
0.728785 0.051948 -0.682769 -0.016739 0.001541 0.996991 0.077500 111.720451 0.684741 -0.057533 0.726512 0.089595 0.000000 0.000000 0.000000 1.000000
0.727583 0.052390 -0.684016 0.025249 0.001075 0.996991 0.077505 111.714058 0.686019 -0.057127 0.725338 0.060704 0.000000 0.000000 0.000000 1.000000</float_array><technique_common><accessor source="#Hips-Matrix-animation-output-transform-array" count="121" stride="16"><param type="float4x4"/></accessor></technique_common></source><source id="Hips-Interpolations"><Name_array id="Hips-Interpolations-array" count="121">
 LINEAR LINEAR LINEAR LINEAR LINEAR LINEAR LINEAR LINEAR LINEAR LINEAR LINEAR
LINEAR LINEAR LINEAR LINEAR LINEAR LINEAR LINEAR LINEAR LINEAR LINEAR LINEAR LINEAR
LINEAR LINEAR LINEAR LINEAR LINEAR LINEAR LINEAR LINEAR LINEAR LINEAR LINEAR LINEAR
LINEAR LINEAR LINEAR LINEAR LINEAR LINEAR LINEAR LINEAR LINEAR LINEAR LINEAR LINEAR
LINEAR LINEAR LINEAR LINEAR LINEAR LINEAR LINEAR LINEAR LINEAR LINEAR LINEAR LINEAR
LINEAR LINEAR LINEAR LINEAR LINEAR LINEAR LINEAR LINEAR LINEAR LINEAR LINEAR LINEAR
LINEAR LINEAR LINEAR LINEAR LINEAR LINEAR LINEAR LINEAR LINEAR LINEAR LINEAR LINEAR
LINEAR LINEAR LINEAR LINEAR LINEAR LINEAR LINEAR LINEAR LINEAR LINEAR LINEAR LINEAR
LINEAR LINEAR LINEAR LINEAR LINEAR LINEAR LINEAR LINEAR LINEAR LINEAR LINEAR LINEAR
LINEAR LINEAR LINEAR LINEAR LINEAR LINEAR LINEAR LINEAR LINEAR LINEAR LINEAR LINEAR
LINEAR LINEAR</Name_array><technique_common><accessor source="#Hips-Interpolations-array" count="121"><param type="name"/></accessor></technique_common></source><sampler id="Hips-Matrix-animation-transform"><input semantic="INPUT" source="#Hips-Matrix-animation-input"/><input semantic="OUTPUT" source="#Hips-Matrix-animation-output-transform"/><input semantic="INTERPOLATION" source="#Hips-Interpolations"/></sampler><channel source="#Hips-Matrix-animation-transform" target="Hips/matrix"/></animation>
    <animation id="Spine-anim" name="Spine"><source id="Spine-Matrix-animation-input"><float_array id="Spine-Matrix-animation-input-array" count="121">

0.000000 0.033333 0.066667 0.100000 0.133333 0.166667 0.200000 0.233333 0.266667 0.300000 0.333333 0.366667 0.400000 0.433333 0.466667 0.500000
0.533333 0.566667 0.600000 0.633333 0.666667 0.700000 0.733333 0.766667 0.800000 0.833333 0.866667 0.900000 0.933333 0.966667 1.000000 1.033333
1.066667 1.100000 1.133333 1.166667 1.200000 1.233333 1.266667 1.300000 1.333333 1.366667 1.400000 1.433333 1.466667 1.500000 1.533333 1.566667
1.600000 1.633333 1.666667 1.700000 1.733333 1.766667 1.800000 1.833333 1.866667 1.900000 1.933333 1.966667 2.000000 2.033333 2.066667 2.100000
2.133333 2.166667 2.200000 2.233333 2.266667 2.300000 2.333333 2.366667 2.400000 2.433333 2.466667 2.500000 2.533333 2.566667 2.600000 2.633333
2.666667 2.700000 2.733333 2.766667 2.800000 2.833333 2.866667 2.900000 2.933333 2.966667 3.000000 3.033333 3.066667 3.100000 3.133333 3.166667
3.200000 3.233333 3.266667 3.300000 3.333333 3.366667 3.400000 3.433333 3.466667 3.500000 3.533333 3.566667 3.600000 3.633333 3.666667 3.700000
3.733333 3.766667 3.800000 3.833333 3.866667 3.900000 3.933333 3.966667 4.000000</float_array><technique_common><accessor source="#Spine-Matrix-animation-input-array" count="121"><param name="TIME" type="float"/></accessor></technique_common></source><source id="Spine-Matrix-animation-output-transform"><float_array id="Spine-Matrix-animation-output-transform-array" count="1936">

0.996320 0.020234 0.083294 -0.139400 -0.011745 0.994800 -0.101168 9.938600 -0.084908 0.099818 0.991376 0.799700 0.000000 0.000000 0.000000 1.000000
0.996308 0.020637 0.083333 -0.139400 -0.012156 0.994810 -0.101025 9.938600 -0.084986 0.099639 0.991388 0.799700 0.000000 0.000000 0.000000 1.000000
0.996333 0.020944 0.082960 -0.139400 -0.012511 0.994818 -0.100899 9.938600 -0.084643 0.099491 0.991432 0.799700 0.000000 0.000000 0.000000 1.000000
0.996406 0.021030 0.082056 -0.139400 -0.012684 0.994812 -0.100935 9.938600 -0.083753 0.099532 0.991503 0.799700 0.000000 0.000000 0.000000 1.000000
0.996512 0.020861 0.080799 -0.139400 -0.012640 0.994811 -0.100950 9.938600 -0.082485 0.099576 0.991605 0.799700 0.000000 0.000000 0.000000 1.000000
0.996639 0.020847 0.079218 -0.139400 -0.012775 0.994798 -0.101062 9.938600 -0.080912 0.099710 0.991721 0.799700 0.000000 0.000000 0.000000 1.000000
0.996774 0.020852 0.077507 -0.139400 -0.012942 0.994783 -0.101190 9.938600 -0.079213 0.099860 0.991843 0.799700 0.000000 0.000000 0.000000 1.000000
0.996916 0.020972 0.075623 -0.139400 -0.013241 0.994766 -0.101318 9.938600 -0.077352 0.100005 0.991976 0.799700 0.000000 0.000000 0.000000 1.000000
0.997043 0.021117 0.073887 -0.139400 -0.013575 0.994781 -0.101125 9.938600 -0.075637 0.099823 0.992126 0.799700 0.000000 0.000000 0.000000 1.000000
0.997143 0.021723 0.072340 -0.139400 -0.014339 0.994776 -0.101066 9.938600 -0.074157 0.099740 0.992246 0.799700 0.000000 0.000000 0.000000 1.000000
0.997255 0.021848 0.070746 -0.139400 -0.014623 0.994772 -0.101066 9.938600 -0.072584 0.099754 0.992361 0.799700 0.000000 0.000000 0.000000 1.000000
0.997370 0.021592 0.069187 -0.139400 -0.014519 0.994766 -0.101145 9.938600 -0.071009 0.099875 0.992463 0.799700 0.000000 0.000000 0.000000 1.000000
0.997455 0.021296 0.068038 -0.139400 -0.014319 0.994740 -0.101426 9.938600 -0.069840 0.100194 0.992514 0.799700 0.000000 0.000000 0.000000 1.000000
0.997519 0.020931 0.067208 -0.139400 -0.014009 0.994699 -0.101869 9.938600 -0.068984 0.100675 0.992525 0.799700 0.000000 0.000000 0.000000 1.000000
0.997610 0.019964 0.066156 -0.139400 -0.013120 0.994664 -0.102328 9.938600 -0.067846 0.101215 0.992548 0.799700 0.000000 0.000000 0.000000 1.000000
0.997734 0.018602 0.064652 -0.139400 -0.011872 0.994615 -0.102961 9.938600 -0.066219 0.101960 0.992582 0.799700 0.000000 0.000000 0.000000 1.000000
0.997882 0.017861 0.062548 -0.139400 -0.011328 0.994587 -0.103284 9.938600 -0.064054 0.102357 0.992683 0.799700 0.000000 0.000000 0.000000 1.000000
0.997899 0.017424 0.062404 -0.139400 -0.010908 0.994594 -0.103264 9.938600 -0.063866 0.102366 0.992694 0.799700 0.000000 0.000000 0.000000 1.000000
0.997905 0.016962 0.062433 -0.139400 -0.010447 0.994602 -0.103235 9.938600 -0.063847 0.102366 0.992696 0.799700 0.000000 0.000000 0.000000 1.000000
0.997889 0.016459 0.062825 -0.139400 -0.009926 0.994641 -0.102911 9.938600 -0.064182 0.102070 0.992705 0.799700 0.000000 0.000000 0.000000 1.000000
0.997813 0.016314 0.064056 -0.139400 -0.009672 0.994668 -0.102675 9.938600 -0.065390 0.101831 0.992650 0.799700 0.000000 0.000000 0.000000 1.000000
0.997699 0.016272 0.065820 -0.139400 -0.009484 0.994724 -0.102149 9.938600 -0.067134 0.101289 0.992589 0.799700 0.000000 0.000000 0.000000 1.000000
0.997584 0.016065 0.067584 -0.139400 -0.009155 0.994810 -0.101336 9.938600 -0.068861 0.100472 0.992554 0.799700 0.000000 0.000000 0.000000 1.000000
0.997378 0.016038 0.070568 -0.139400 -0.008880 0.994888 -0.100597 9.938600 -0.071821 0.099707 0.992421 0.799700 0.000000 0.000000 0.000000 1.000000
0.997157 0.015960 0.073641 -0.139400 -0.008578 0.995001 -0.099494 9.938600 -0.074860 0.098579 0.992309 0.799700 0.000000 0.000000 0.000000 1.000000
0.996935 0.015889 0.076604 -0.139400 -0.008290 0.995101 -0.098513 9.938600 -0.077794 0.097576 0.992183 0.799700 0.000000 0.000000 0.000000 1.000000
0.996665 0.016255 0.079962 -0.139400 -0.008408 0.995199 -0.097509 9.938600 -0.081163 0.096512 0.992017 0.799700 0.000000 0.000000 0.000000 1.000000
0.996404 0.017058 0.082994 -0.139400 -0.009034 0.995329 -0.096119 9.938600 -0.084246 0.095024 0.991904 0.799700 0.000000 0.000000 0.000000 1.000000
0.996166 0.018318 0.085539 -0.139400 -0.010143 0.995420 -0.095056 9.938600 -0.086888 0.093824 0.991790 0.799700 0.000000 0.000000 0.000000 1.000000
0.995892 0.020076 0.088292 -0.139400 -0.011734 0.995502 -0.094007 9.938600 -0.089782 0.092585 0.991649 0.799700 0.000000 0.000000 0.000000 1.000000
0.995563 0.022444 0.091378 -0.139400 -0.013906 0.995567 -0.093024 9.938600 -0.093061 0.091341 0.991462 0.799700 0.000000 0.000000 0.000000 1.000000
0.995214 0.024672 0.094558 -0.139400 -0.015915 0.995607 -0.092264 9.938600 -0.096419 0.090317 0.991235 0.799700 0.000000 0.000000 0.000000 1.000000
0.994825 0.027106 0.097924 -0.139400 -0.018084 0.995606 -0.091882 9.938600 -0.099984 0.089635 0.990943 0.799700 0.000000 0.000000 0.000000 1.000000
0.994259 0.030122 0.102673 -0.139400 -0.020722 0.995597 -0.091422 9.938600 -0.104975 0.088770 0.990505 0.799700 0.000000 0.000000 0.000000 1.000000
0.993671 0.032747 0.107450 -0.139400 -0.023007 0.995615 -0.090668 9.938600 -0.109948 0.087622 0.990068 0.799700 0.000000 0.000000 0.000000 1.000000
0.993047 0.035292 0.112306 -0.139400 -0.025222 0.995635 -0.089858 9.938600 -0.114987 0.086401 0.989602 0.799700 0.000000 0.000000 0.000000 1.000000
0.992654 0.036758 0.115267 -0.139400 -0.026510 0.995660 -0.089211 9.938600 -0.118046 0.085500 0.989320 0.799700 0.000000 0.000000 0.000000 1.000000
0.992564 0.037115 0.115925 -0.139400 -0.026847 0.995677 -0.088916 9.938600 -0.118724 0.085143 0.989270 0.799700 0.000000 0.000000 0.000000 1.000000
0.992758 0.036907 0.114322 -0.139400 -0.026787 0.995687 -0.088830 9.938600 -0.117107 0.085124 0.989464 0.799700 0.000000 0.000000 0.000000 1.000000
0.993035 0.036466 0.112031 -0.139400 -0.026559 0.995706 -0.088679 9.938600 -0.114783 0.085086 0.989740 0.799700 0.000000 0.000000 0.000000 1.000000
0.993415 0.035282 0.109005 -0.139400 -0.025658 0.995748 -0.088469 9.938600 -0.111663 0.085089 0.990097 0.799700 0.000000 0.000000 0.000000 1.000000
0.993814 0.033827 0.105785 -0.139400 -0.024480 0.995781 -0.088438 9.938600 -0.108330 0.085301 0.990449 0.799700 0.000000 0.000000 0.000000 1.000000
0.994216 0.032793 0.102272 -0.139400 -0.023740 0.995792 -0.088513 9.938600 -0.104744 0.085573 0.990811 0.799700 0.000000 0.000000 0.000000 1.000000
0.994624 0.032017 0.098483 -0.139400 -0.023257 0.995774 -0.088847 9.938600 -0.100911 0.086079 0.991165 0.799700 0.000000 0.000000 0.000000 1.000000
0.995138 0.030731 0.093574 -0.139400 -0.022321 0.995724 -0.089637 9.938600 -0.095929 0.087113 0.991569 0.799700 0.000000 0.000000 0.000000 1.000000
0.995616 0.029119 0.088889 -0.139400 -0.021039 0.995672 -0.090523 9.938600 -0.091140 0.088256 0.991920 0.799700 0.000000 0.000000 0.000000 1.000000
0.995999 0.027354 0.085079 -0.139400 -0.019546 0.995632 -0.091294 9.938600 -0.087204 0.089265 0.992183 0.799700 0.000000 0.000000 0.000000 1.000000
0.996236 0.025814 0.082745 -0.139400 -0.018156 0.995593 -0.092002 9.938600 -0.084756 0.090154 0.992315 0.799700 0.000000 0.000000 0.000000 1.000000
0.996471 0.023824 0.080484 -0.139400 -0.016311 0.995556 -0.092750 9.938600 -0.082336 0.091110 0.992431 0.799700 0.000000 0.000000 0.000000 1.000000
0.996627 0.021577 0.079180 -0.139400 -0.014119 0.995512 -0.093573 9.938600 -0.080844 0.092140 0.992459 0.799700 0.000000 0.000000 0.000000 1.000000
0.996757 0.019697 0.078028 -0.139400 -0.012314 0.995497 -0.093990 9.938600 -0.079528 0.092724 0.992511 0.799700 0.000000 0.000000 0.000000 1.000000
0.996949 0.017889 0.075976 -0.139400 -0.010676 0.995486 -0.094307 9.938600 -0.077320 0.093208 0.992640 0.799700 0.000000 0.000000 0.000000 1.000000
0.997141 0.016670 0.073700 -0.139400 -0.009653 0.995473 -0.094557 9.938600 -0.074943 0.093575 0.992788 0.799700 0.000000 0.000000 0.000000 1.000000
0.997419 0.015134 0.070193 -0.139400 -0.008425 0.995451 -0.094902 9.938600 -0.071310 0.094066 0.993009 0.799700 0.000000 0.000000 0.000000 1.000000
0.997789 0.012963 0.065181 -0.139400 -0.006696 0.995411 -0.095461 9.938600 -0.066119 0.094813 0.993297 0.799700 0.000000 0.000000 0.000000 1.000000
0.998215 0.010821 0.058727 -0.139400 -0.005113 0.995322 -0.096474 9.938600 -0.059496 0.096002 0.993601 0.799700 0.000000 0.000000 0.000000 1.000000
0.998684 0.008324 0.050602 -0.139400 -0.003348 0.995218 -0.097626 9.938600 -0.051173 0.097328 0.993936 0.799700 0.000000 0.000000 0.000000 1.000000
0.999137 0.005649 0.041148 -0.139400 -0.001563 0.995120 -0.098661 9.938600 -0.041505 0.098511 0.994270 0.799700 0.000000 0.000000 0.000000 1.000000
0.999490 0.003584 0.031724 -0.139400 -0.000395 0.994990 -0.099973 9.938600 -0.031923 0.099910 0.994484 0.799700 0.000000 0.000000 0.000000 1.000000
0.999751 0.001840 0.022236 -0.139400 0.000424 0.994846 -0.101399 9.938600 -0.022308 0.101383 0.994597 0.799700 0.000000 0.000000 0.000000 1.000000
0.999921 0.000147 0.012583 -0.139400 0.001147 0.994703 -0.102785 9.938600 -0.012532 0.102792 0.994624 0.799700 0.000000 0.000000 0.000000 1.000000
0.999995 -0.000842 0.002907 -0.139400 0.001141 0.994531 -0.104433 9.938600 -0.002803 0.104435 0.994528 0.799700 0.000000 0.000000 0.000000 1.000000
0.999977 -0.001354 -0.006692 -0.139400 0.000640 0.994403 -0.105649 9.938600 0.006798 0.105643 0.994381 0.799700 0.000000 0.000000 0.000000 1.000000
0.999899 -0.000755 -0.014200 -0.139400 -0.000762 0.994308 -0.106539 9.938600 0.014199 0.106539 0.994207 0.799700 0.000000 0.000000 0.000000 1.000000
0.999800 0.000870 -0.019999 -0.139400 -0.003008 0.994241 -0.107125 9.938600 0.019791 0.107164 0.994044 0.799700 0.000000 0.000000 0.000000 1.000000
0.999681 0.002667 -0.025102 -0.139400 -0.005343 0.994228 -0.107150 9.938600 0.024671 0.107250 0.993926 0.799700 0.000000 0.000000 0.000000 1.000000
0.999535 0.003850 -0.030249 -0.139400 -0.007066 0.994242 -0.106925 9.938600 0.029663 0.107089 0.993807 0.799700 0.000000 0.000000 0.000000 1.000000
0.999391 0.004972 -0.034536 -0.139400 -0.008630 0.994265 -0.106592 9.938600 0.033808 0.106825 0.993703 0.799700 0.000000 0.000000 0.000000 1.000000
0.999267 0.005608 -0.037872 -0.139400 -0.009610 0.994284 -0.106337 9.938600 0.037059 0.106623 0.993609 0.799700 0.000000 0.000000 0.000000 1.000000
0.999166 0.006217 -0.040347 -0.139400 -0.010479 0.994279 -0.106295 9.938600 0.039456 0.106629 0.993516 0.799700 0.000000 0.000000 0.000000 1.000000
0.999083 0.006793 -0.042282 -0.139400 -0.011261 0.994266 -0.106337 9.938600 0.041317 0.106715 0.993431 0.799700 0.000000 0.000000 0.000000 1.000000
0.999015 0.007494 -0.043740 -0.139400 -0.012116 0.994253 -0.106368 9.938600 0.042691 0.106793 0.993364 0.799700 0.000000 0.000000 0.000000 1.000000
0.998954 0.008030 -0.045007 -0.139400 -0.012782 0.994249 -0.106326 9.938600 0.043895 0.106790 0.993312 0.799700 0.000000 0.000000 0.000000 1.000000
0.998918 0.008216 -0.045784 -0.139400 -0.013052 0.994242 -0.106359 9.938600 0.044647 0.106842 0.993273 0.799700 0.000000 0.000000 0.000000 1.000000
0.998902 0.008341 -0.046108 -0.139400 -0.013218 0.994223 -0.106517 9.938600 0.044953 0.107009 0.993241 0.799700 0.000000 0.000000 0.000000 1.000000
0.998914 0.008823 -0.045752 -0.139400 -0.013665 0.994205 -0.106629 9.938600 0.044546 0.107138 0.993246 0.799700 0.000000 0.000000 0.000000 1.000000
0.998959 0.009385 -0.044634 -0.139400 -0.014104 0.994200 -0.106622 9.938600 0.043374 0.107140 0.993297 0.799700 0.000000 0.000000 0.000000 1.000000
0.999028 0.009898 -0.042960 -0.139400 -0.014435 0.994195 -0.106619 9.938600 0.041655 0.107135 0.993371 0.799700 0.000000 0.000000 0.000000 1.000000
0.999108 0.010265 -0.040968 -0.139400 -0.014581 0.994208 -0.106483 9.938600 0.039638 0.106985 0.993470 0.799700 0.000000 0.000000 0.000000 1.000000
0.999196 0.010598 -0.038656 -0.139400 -0.014649 0.994250 -0.106080 9.938600 0.037310 0.106561 0.993606 0.799700 0.000000 0.000000 0.000000 1.000000
0.999297 0.011138 -0.035784 -0.139400 -0.014861 0.994308 -0.105505 9.938600 0.034405 0.105963 0.993775 0.799700 0.000000 0.000000 0.000000 1.000000
0.999413 0.011723 -0.032175 -0.139400 -0.015037 0.994383 -0.104773 9.938600 0.030766 0.105195 0.993976 0.799700 0.000000 0.000000 0.000000 1.000000
0.999550 0.012178 -0.027401 -0.139400 -0.014962 0.994483 -0.103827 9.938600 0.025985 0.104190 0.994218 0.799700 0.000000 0.000000 0.000000 1.000000
0.999685 0.011861 -0.022099 -0.139400 -0.014075 0.994594 -0.102879 9.938600 0.020760 0.103157 0.994448 0.799700 0.000000 0.000000 0.000000 1.000000
0.999795 0.011046 -0.016989 -0.139400 -0.012725 0.994690 -0.102129 9.938600 0.015770 0.102324 0.994626 0.799700 0.000000 0.000000 0.000000 1.000000
0.999872 0.010599 -0.011979 -0.139400 -0.011762 0.994756 -0.101602 9.938600 0.010839 0.101730 0.994753 0.799700 0.000000 0.000000 0.000000 1.000000
0.999915 0.010779 -0.007287 -0.139400 -0.011459 0.994831 -0.100896 9.938600 0.006161 0.100971 0.994870 0.799700 0.000000 0.000000 0.000000 1.000000
0.999930 0.011664 -0.002184 -0.139400 -0.011824 0.994878 -0.100390 9.938600 0.001002 0.100409 0.994946 0.799700 0.000000 0.000000 0.000000 1.000000
0.999902 0.013464 0.003864 -0.139400 -0.013011 0.994919 -0.099832 9.938600 -0.005188 0.099771 0.994997 0.799700 0.000000 0.000000 0.000000 1.000000
0.999836 0.015146 0.009934 -0.139400 -0.014084 0.994948 -0.099395 9.938600 -0.011389 0.099239 0.994998 0.799700 0.000000 0.000000 0.000000 1.000000
0.999722 0.016910 0.016427 -0.139400 -0.015201 0.994964 -0.099072 9.938600 -0.018020 0.098795 0.994945 0.799700 0.000000 0.000000 0.000000 1.000000
0.999572 0.018564 0.022618 -0.139400 -0.016241 0.994966 -0.098885 9.938600 -0.024340 0.098476 0.994842 0.799700 0.000000 0.000000 0.000000 1.000000
0.999443 0.019361 0.027174 -0.139400 -0.016590 0.994978 -0.098711 9.938600 -0.028949 0.098206 0.994745 0.799700 0.000000 0.000000 0.000000 1.000000
0.999285 0.020446 0.031810 -0.139400 -0.017217 0.994972 -0.098663 9.938600 -0.033667 0.098045 0.994612 0.799700 0.000000 0.000000 0.000000 1.000000
0.999092 0.021473 0.036799 -0.139400 -0.017762 0.994993 -0.098356 9.938600 -0.038727 0.097613 0.994471 0.799700 0.000000 0.000000 0.000000 1.000000
0.998870 0.021906 0.042177 -0.139400 -0.017690 0.995043 -0.097858 9.938600 -0.044112 0.097001 0.994306 0.799700 0.000000 0.000000 0.000000 1.000000
0.998594 0.022070 0.048190 -0.139400 -0.017299 0.995106 -0.097282 9.938600 -0.050101 0.096312 0.994089 0.799700 0.000000 0.000000 0.000000 1.000000
0.998285 0.021731 0.054356 -0.139400 -0.016384 0.995155 -0.096947 9.938600 -0.056199 0.095891 0.993804 0.799700 0.000000 0.000000 0.000000 1.000000
0.998020 0.020987 0.059288 -0.139400 -0.015204 0.995231 -0.096355 9.938600 -0.061027 0.095263 0.993580 0.799700 0.000000 0.000000 0.000000 1.000000
0.997767 0.020943 0.063422 -0.139400 -0.014782 0.995261 -0.096106 9.938600 -0.065134 0.094954 0.993348 0.799700 0.000000 0.000000 0.000000 1.000000
0.997502 0.021639 0.067243 -0.139400 -0.015113 0.995258 -0.096089 9.938600 -0.069004 0.094833 0.993099 0.799700 0.000000 0.000000 0.000000 1.000000
0.997362 0.021623 0.069293 -0.139400 -0.014868 0.995216 -0.096561 9.938600 -0.071050 0.095276 0.992912 0.799700 0.000000 0.000000 0.000000 1.000000
0.997314 0.021009 0.070163 -0.139400 -0.014141 0.995186 -0.096980 9.938600 -0.071863 0.095727 0.992810 0.799700 0.000000 0.000000 0.000000 1.000000
0.997269 0.020340 0.071000 -0.139400 -0.013354 0.995144 -0.097522 9.938600 -0.072639 0.096308 0.992698 0.799700 0.000000 0.000000 0.000000 1.000000
0.997212 0.019788 0.071955 -0.139400 -0.012652 0.995075 -0.098317 9.938600 -0.073546 0.097133 0.992550 0.799700 0.000000 0.000000 0.000000 1.000000
0.997145 0.019314 0.073002 -0.139400 -0.012025 0.995015 -0.098999 9.938600 -0.074550 0.097839 0.992406 0.799700 0.000000 0.000000 0.000000 1.000000
0.997086 0.019039 0.073870 -0.139400 -0.011615 0.994954 -0.099657 9.938600 -0.075395 0.098509 0.992276 0.799700 0.000000 0.000000 0.000000 1.000000
0.997023 0.018932 0.074747 -0.139400 -0.011379 0.994901 -0.100216 9.938600 -0.076263 0.099067 0.992154 0.799700 0.000000 0.000000 0.000000 1.000000
0.996945 0.019115 0.075733 -0.139400 -0.011423 0.994848 -0.100730 9.938600 -0.077268 0.099558 0.992027 0.799700 0.000000 0.000000 0.000000 1.000000
0.996855 0.019452 0.076824 -0.139400 -0.011643 0.994837 -0.100816 9.938600 -0.078389 0.099605 0.991935 0.799700 0.000000 0.000000 0.000000 1.000000
0.996752 0.020018 0.078003 -0.139400 -0.012083 0.994823 -0.100898 9.938600 -0.079619 0.099628 0.991834 0.799700 0.000000 0.000000 0.000000 1.000000
0.996664 0.020481 0.079005 -0.139400 -0.012457 0.994833 -0.100754 9.938600 -0.080660 0.099434 0.991770 0.799700 0.000000 0.000000 0.000000 1.000000
0.996597 0.020751 0.079770 -0.139400 -0.012658 0.994841 -0.100653 9.938600 -0.081447 0.099300 0.991719 0.799700 0.000000 0.000000 0.000000 1.000000
