<?xml version="1.0" encoding="utf-8"?>
<COLLADA xmlns="http://www.collada.org/2005/11/COLLADASchema" version="1.4.1">
  <asset>
    <contributor>
      <author>Mixamo</author>
      <authoring_tool>COLLADA Mixamo exporter</authoring_tool>
      <comments/>
    </contributor>
    <created>2022-02-28T02:15:25Z</created>
    <modified>2022-02-28T02:15:25Z</modified>
    <revision/>
    <title/>
    <unit meter="0.010000"/>
    <up_axis>Y_UP</up_axis>
  </asset>
  <library_animations>
    <animation id="Hips-anim" name="Hips">
      <source id="Hips-Matrix-animation-input">
        <float_array id="Hips-Matrix-animation-input-array" count="264">

0.000000 0.033333 0.066667 0.100000 0.133333 0.166667 0.200000 0.233333 0.266667 0.300000 0.333333 0.366667 0.400000 0.433333 0.466667 0.500000
0.533333 0.566667 0.600000 0.633333 0.666667 0.700000 0.733333 0.766667 0.800000 0.833333 0.866667 0.900000 0.933333 0.966667 1.000000 1.033333
1.066667 1.100000 1.133333 1.166667 1.200000 1.233333 1.266667 1.300000 1.333333 1.366667 1.400000 1.433333 1.466667 1.500000 1.533333 1.566667
1.600000 1.633333 1.666667 1.700000 1.733333 1.766667 1.800000 1.833333 1.866667 1.900000 1.933333 1.966667 2.000000 2.033333 2.066667 2.100000
2.133333 2.166667 2.200000 2.233333 2.266667 2.300000 2.333333 2.366667 2.400000 2.433333 2.466667 2.500000 2.533333 2.566667 2.600000 2.633333
2.666667 2.700000 2.733333 2.766667 2.800000 2.833333 2.866667 2.900000 2.933333 2.966667 3.000000 3.033333 3.066667 3.100000 3.133333 3.166667
3.200000 3.233333 3.266667 3.300000 3.333333 3.366667 3.400000 3.433333 3.466667 3.500000 3.533333 3.566667 3.600000 3.633333 3.666667 3.700000
3.733333 3.766667 3.800000 3.833333 3.866667 3.900000 3.933333 3.966667 4.000000 4.033333 4.066667 4.100000 4.133333 4.166667 4.200000 4.233333
4.266667 4.300000 4.333333 4.366667 4.400000 4.433333 4.466667 4.500000 4.533333 4.566667 4.600000 4.633333 4.666667 4.700000 4.733333 4.766667
4.800000 4.833333 4.866667 4.900000 4.933333 4.966667 5.000000 5.033333 5.066667 5.100000 5.133333 5.166667 5.200000 5.233333 5.266667 5.300000
5.333333 5.366667 5.400000 5.433333 5.466667 5.500000 5.533333 5.566667 5.600000 5.633333 5.666667 5.700000 5.733333 5.766667 5.800000 5.833333
5.866667 5.900000 5.933333 5.966667 6.000000 6.033333 6.066667 6.100000 6.133333 6.166667 6.200000 6.233333 6.266667 6.300000 6.333333 6.366667
6.400000 6.433333 6.466667 6.500000 6.533333 6.566667 6.600000 6.633333 6.666667 6.700000 6.733333 6.766667 6.800000 6.833333 6.866667 6.900000
6.933333 6.966667 7.000000 7.033333 7.066667 7.100000 7.133333 7.166667 7.200000 7.233333 7.266667 7.300000 7.333333 7.366667 7.400000 7.433333
7.466667 7.500000 7.533333 7.566667 7.600000 7.633333 7.666667 7.700000 7.733333 7.766667 7.800000 7.833333 7.866667 7.900000 7.933333 7.966667
8.000000 8.033333 8.066667 8.100000 8.133333 8.166667 8.200000 8.233333 8.266667 8.300000 8.333333 8.366667 8.400000 8.433333 8.466667 8.500000
8.533333 8.566667 8.600000 8.633333 8.666667 8.700000 8.733333 8.766667</float_array>
        <technique_common>
          <accessor source="#Hips-Matrix-animation-input-array" count="264">
            <param name="TIME" type="float"/>
          </accessor>
        </technique_common>
      </source>
      <source id="Hips-Matrix-animation-output-transform">
        <float_array id="Hips-Matrix-animation-output-transform-array" count="4224">

0.991039 0.078381 -0.108157 -1.332404 -0.072169 0.995574 0.060200 117.650017 0.112396 -0.051855 0.992309 0.504219 0.000000 0.000000 0.000000 1.000000
0.991103 0.078245 -0.107671 -1.330581 -0.072099 0.995601 0.059844 117.657204 0.111880 -0.051548 0.992384 0.527530 0.000000 0.000000 0.000000 1.000000
0.991165 0.078055 -0.107236 -1.328197 -0.071966 0.995629 0.059525 117.665085 0.111414 -0.051281 0.992450 0.554122 0.000000 0.000000 0.000000 1.000000
0.991222 0.077811 -0.106883 -1.324771 -0.071769 0.995659 0.059262 117.673271 0.111030 -0.051071 0.992504 0.584471 0.000000 0.000000 0.000000 1.000000
0.991272 0.077495 -0.106647 -1.319964 -0.071485 0.995691 0.059078 117.681877 0.110766 -0.050939 0.992540 0.618908 0.000000 0.000000 0.000000 1.000000
0.991315 0.077088 -0.106548 -1.313791 -0.071091 0.995724 0.058989 117.691902 0.110640 -0.050902 0.992556 0.656614 0.000000 0.000000 0.000000 1.000000
0.991349 0.076613 -0.106569 -1.306698 -0.070614 0.995758 0.058982 117.703346 0.110636 -0.050946 0.992554 0.696248 0.000000 0.000000 0.000000 1.000000
0.991373 0.076084 -0.106729 -1.298411 -0.070064 0.995792 0.059066 117.715660 0.110773 -0.051078 0.992532 0.738925 0.000000 0.000000 0.000000 1.000000
0.991376 0.075375 -0.107204 -1.287084 -0.069295 0.995829 0.059352 117.730530 0.111231 -0.051412 0.992464 0.790404 0.000000 0.000000 0.000000 1.000000
0.991343 0.074264 -0.108273 -1.269091 -0.068046 0.995874 0.060036 117.750237 0.112285 -0.052148 0.992307 0.855829 0.000000 0.000000 0.000000 1.000000
0.991267 0.072696 -0.110023 -1.242204 -0.066246 0.995925 0.061198 117.773659 0.114023 -0.053375 0.992043 0.930276 0.000000 0.000000 0.000000 1.000000
0.991153 0.070879 -0.112215 -1.208399 -0.064125 0.995970 0.062696 117.796455 0.116207 -0.054945 0.991704 1.001483 0.000000 0.000000 0.000000 1.000000
0.991021 0.069101 -0.114463 -1.171916 -0.062025 0.996003 0.064266 117.813530 0.118447 -0.056589 0.991347 1.062759 0.000000 0.000000 0.000000 1.000000
0.990905 0.067522 -0.116396 -1.136424 -0.060152 0.996024 0.065706 117.822517 0.120370 -0.058107 0.991027 1.115990 0.000000 0.000000 0.000000 1.000000
0.990840 0.066096 -0.117758 -1.103973 -0.058485 0.996040 0.066959 117.825745 0.121718 -0.059459 0.990782 1.165298 0.000000 0.000000 0.000000 1.000000
0.990843 0.064606 -0.118559 -1.074739 -0.056807 0.996065 0.068025 117.830635 0.122487 -0.060667 0.990614 1.212947 0.000000 0.000000 0.000000 1.000000
0.990896 0.062815 -0.119076 -1.047054 -0.054874 0.996117 0.068839 117.844353 0.122938 -0.061679 0.990496 1.260961 0.000000 0.000000 0.000000 1.000000
0.990968 0.060675 -0.119583 -1.019440 -0.052627 0.996203 0.069348 117.867111 0.123337 -0.062428 0.990399 1.312936 0.000000 0.000000 0.000000 1.000000
0.991051 0.058345 -0.120055 -0.993046 -0.050218 0.996307 0.069645 117.892387 0.123675 -0.062993 0.990321 1.371064 0.000000 0.000000 0.000000 1.000000
0.991164 0.056023 -0.120235 -0.971811 -0.047841 0.996407 0.069892 117.913811 0.123718 -0.063522 0.990282 1.432989 0.000000 0.000000 0.000000 1.000000
0.991317 0.053787 -0.119987 -0.959907 -0.045581 0.996497 0.070115 117.932541 0.123338 -0.064037 0.990296 1.494724 0.000000 0.000000 0.000000 1.000000
0.991491 0.051622 -0.119506 -0.958662 -0.043419 0.996583 0.070259 117.954849 0.122724 -0.064473 0.990344 1.556538 0.000000 0.000000 0.000000 1.000000
0.991634 0.049536 -0.119194 -0.965809 -0.041326 0.996663 0.070399 117.985962 0.122283 -0.064885 0.990372 1.623944 0.000000 0.000000 0.000000 1.000000
0.991707 0.047558 -0.119399 -0.977613 -0.039284 0.996722 0.070720 118.024826 0.122371 -0.065443 0.990325 1.702292 0.000000 0.000000 0.000000 1.000000
0.991694 0.045670 -0.120242 -0.991547 -0.037264 0.996762 0.071247 118.068481 0.123107 -0.066174 0.990185 1.792386 0.000000 0.000000 0.000000 1.000000
0.991615 0.043741 -0.121597 -1.008117 -0.035174 0.996804 0.071726 118.116196 0.124346 -0.066848 0.989985 1.890074 0.000000 0.000000 0.000000 1.000000
0.991504 0.041736 -0.123200 -1.029537 -0.033034 0.996868 0.071847 118.165314 0.125813 -0.067167 0.989778 1.990763 0.000000 0.000000 0.000000 1.000000
0.991391 0.039752 -0.124757 -1.057850 -0.030978 0.996960 0.071499 118.210190 0.127220 -0.067018 0.989608 2.090570 0.000000 0.000000 0.000000 1.000000
0.991301 0.038016 -0.126008 -1.094646 -0.029229 0.997058 0.070859 118.244141 0.128331 -0.066559 0.989495 2.185843 0.000000 0.000000 0.000000 1.000000
0.991243 0.036776 -0.126827 -1.141110 -0.028005 0.997135 0.070260 118.264664 0.129048 -0.066093 0.989433 2.273922 0.000000 0.000000 0.000000 1.000000
0.991201 0.036186 -0.127323 -1.197583 -0.027412 0.997170 0.069997 118.274765 0.129495 -0.065891 0.989388 2.353989 0.000000 0.000000 0.000000 1.000000
0.991140 0.036155 -0.127805 -1.261084 -0.027325 0.997160 0.070179 118.280502 0.129979 -0.066065 0.989313 2.426052 0.000000 0.000000 0.000000 1.000000
0.991031 0.036339 -0.128593 -1.324921 -0.027390 0.997123 0.070684 118.287483 0.130792 -0.066527 0.989175 2.490728 0.000000 0.000000 0.000000 1.000000
0.990868 0.036333 -0.129846 -1.382407 -0.027223 0.997086 0.071262 118.299187 0.132057 -0.067077 0.988970 2.550646 0.000000 0.000000 0.000000 1.000000
0.990654 0.035936 -0.131579 -1.431807 -0.026643 0.997069 0.071718 118.318291 0.133771 -0.067542 0.988708 2.610561 0.000000 0.000000 0.000000 1.000000
0.990391 0.035259 -0.133723 -1.474788 -0.025773 0.997070 0.072021 118.343826 0.135870 -0.067882 0.988398 2.675130 0.000000 0.000000 0.000000 1.000000
0.990091 0.034524 -0.136116 -1.512917 -0.024830 0.997075 0.072286 118.372589 0.138213 -0.068190 0.988052 2.744320 0.000000 0.000000 0.000000 1.000000
0.989782 0.033878 -0.138506 -1.546344 -0.023956 0.997067 0.072687 118.400070 0.140563 -0.068626 0.987691 2.813019 0.000000 0.000000 0.000000 1.000000
0.989495 0.033360 -0.140665 -1.575369 -0.023189 0.997038 0.073336 118.424507 0.142695 -0.069304 0.987337 2.873815 0.000000 0.000000 0.000000 1.000000
0.989238 0.033000 -0.142542 -1.601350 -0.022565 0.996987 0.074210 118.447678 0.144561 -0.070195 0.987003 2.920434 0.000000 0.000000 0.000000 1.000000
0.988992 0.032909 -0.144261 -1.624541 -0.022211 0.996925 0.075145 118.470085 0.146290 -0.071113 0.986682 2.950151 0.000000 0.000000 0.000000 1.000000
0.988738 0.033241 -0.145921 -1.642659 -0.022304 0.996862 0.075956 118.485504 0.147987 -0.071845 0.986376 2.964040 0.000000 0.000000 0.000000 1.000000
0.988489 0.034127 -0.147390 -1.652187 -0.022998 0.996800 0.076562 118.485550 0.149531 -0.072291 0.986111 2.963804 0.000000 0.000000 0.000000 1.000000
0.988284 0.035652 -0.148406 -1.652683 -0.024396 0.996733 0.076991 118.469780 0.150666 -0.072469 0.985925 2.947415 0.000000 0.000000 0.000000 1.000000
0.988121 0.037820 -0.148954 -1.647980 -0.026503 0.996660 0.077240 118.449188 0.151378 -0.072375 0.985823 2.908281 0.000000 0.000000 0.000000 1.000000
0.987936 0.040564 -0.149454 -1.640984 -0.029242 0.996588 0.077185 118.430321 0.152075 -0.071883 0.985751 2.841705 0.000000 0.000000 0.000000 1.000000
0.987664 0.043783 -0.150345 -1.627939 -0.032500 0.996524 0.076703 118.403564 0.153181 -0.070870 0.985654 2.750243 0.000000 0.000000 0.000000 1.000000
0.987342 0.047299 -0.151390 -1.602338 -0.036110 0.996467 0.075828 118.352669 0.154442 -0.069402 0.985561 2.640232 0.000000 0.000000 0.000000 1.000000
0.987136 0.050760 -0.151609 -1.565155 -0.039769 0.996415 0.074670 118.280106 0.154856 -0.067680 0.985616 2.515665 0.000000 0.000000 0.000000 1.000000
0.987194 0.053773 -0.150190 -1.524463 -0.043129 0.996381 0.073250 118.205894 0.153585 -0.065834 0.985940 2.381096 0.000000 0.000000 0.000000 1.000000
0.987477 0.055943 -0.147514 -1.487194 -0.045750 0.996383 0.071609 118.158226 0.150987 -0.063963 0.986464 2.242320 0.000000 0.000000 0.000000 1.000000
0.987773 0.057248 -0.145010 -1.448741 -0.047477 0.996419 0.069970 118.147499 0.148497 -0.062230 0.986953 2.108866 0.000000 0.000000 0.000000 1.000000
0.987891 0.058075 -0.143873 -1.397988 -0.048591 0.996462 0.068581 118.162521 0.147347 -0.060759 0.987217 1.991951 0.000000 0.000000 0.000000 1.000000
0.987826 0.058858 -0.144002 -1.330251 -0.049539 0.996491 0.067465 118.183487 0.147467 -0.059510 0.987275 1.900709 0.000000 0.000000 0.000000 1.000000
0.987741 0.059721 -0.144227 -1.252130 -0.050535 0.996503 0.066542 118.196030 0.147697 -0.058437 0.987305 1.836329 0.000000 0.000000 0.000000 1.000000
0.987806 0.060582 -0.143419 -1.174769 -0.051549 0.996495 0.065888 118.195648 0.146908 -0.057691 0.987466 1.788337 0.000000 0.000000 0.000000 1.000000
0.988064 0.061429 -0.141268 -1.106683 -0.052562 0.996456 0.065667 118.184990 0.144801 -0.057458 0.987791 1.739413 0.000000 0.000000 0.000000 1.000000
0.988433 0.062408 -0.138226 -1.051354 -0.053699 0.996382 0.065866 118.167137 0.141836 -0.057682 0.988208 1.677715 0.000000 0.000000 0.000000 1.000000
0.988798 0.063628 -0.135017 -1.007481 -0.055054 0.996279 0.066318 118.144394 0.138734 -0.058142 0.988621 1.603905 0.000000 0.000000 0.000000 1.000000
0.989076 0.065015 -0.132297 -0.969260 -0.056530 0.996156 0.066919 118.117523 0.136140 -0.058709 0.988949 1.526639 0.000000 0.000000 0.000000 1.000000
0.989221 0.066299 -0.130558 -0.930893 -0.057830 0.996033 0.067625 118.090347 0.134524 -0.059346 0.989132 1.451855 0.000000 0.000000 0.000000 1.000000
0.989224 0.067244 -0.130051 -0.890962 -0.058723 0.995936 0.068279 118.067207 0.134114 -0.059907 0.989153 1.380309 0.000000 0.000000 0.000000 1.000000
0.989105 0.067849 -0.130647 -0.852596 -0.059248 0.995881 0.068639 118.052338 0.134766 -0.060150 0.989050 1.311569 0.000000 0.000000 0.000000 1.000000
0.988914 0.068375 -0.131811 -0.817949 -0.059711 0.995856 0.068599 118.044235 0.135955 -0.059968 0.988898 1.247768 0.000000 0.000000 0.000000 1.000000
0.988721 0.069059 -0.132900 -0.785609 -0.060374 0.995836 0.068310 118.040092 0.137063 -0.059516 0.988773 1.190492 0.000000 0.000000 0.000000 1.000000
0.988573 0.069871 -0.133572 -0.752527 -0.061185 0.995803 0.068068 118.036865 0.137767 -0.059118 0.988699 1.136389 0.000000 0.000000 0.000000 1.000000
0.988479 0.070589 -0.133891 -0.718038 -0.061883 0.995757 0.068105 118.032074 0.138130 -0.059035 0.988653 1.077980 0.000000 0.000000 0.000000 1.000000
0.988422 0.071124 -0.134027 -0.684298 -0.062373 0.995706 0.068405 118.023201 0.138317 -0.059254 0.988614 1.010376 0.000000 0.000000 0.000000 1.000000
0.988384 0.071630 -0.134035 -0.653737 -0.062836 0.995654 0.068738 118.009842 0.138376 -0.059517 0.988590 0.935793 0.000000 0.000000 0.000000 1.000000
0.988353 0.072261 -0.133926 -0.626027 -0.063453 0.995603 0.068914 117.995567 0.138316 -0.059613 0.988592 0.861422 0.000000 0.000000 0.000000 1.000000
0.988318 0.072945 -0.133818 -0.597844 -0.064135 0.995552 0.069009 117.986687 0.138257 -0.059620 0.988600 0.794484 0.000000 0.000000 0.000000 1.000000
0.988269 0.073432 -0.133907 -0.565736 -0.064589 0.995507 0.069236 117.987076 0.138390 -0.059775 0.988572 0.739565 0.000000 0.000000 0.000000 1.000000
0.988209 0.073554 -0.134287 -0.529735 -0.064631 0.995476 0.069643 117.995247 0.138802 -0.060143 0.988492 0.698208 0.000000 0.000000 0.000000 1.000000
0.988148 0.073398 -0.134822 -0.493398 -0.064386 0.995464 0.070037 118.005714 0.139351 -0.060526 0.988392 0.669357 0.000000 0.000000 0.000000 1.000000
0.988109 0.073232 -0.135194 -0.461118 -0.064169 0.995465 0.070224 118.014702 0.139723 -0.060713 0.988328 0.650882 0.000000 0.000000 0.000000 1.000000
0.988119 0.073260 -0.135109 -0.434613 -0.064202 0.995463 0.070229 118.020584 0.139641 -0.060721 0.988339 0.641712 0.000000 0.000000 0.000000 1.000000
0.988180 0.073464 -0.134551 -0.412343 -0.064434 0.995444 0.070283 118.022476 0.139102 -0.060783 0.988411 0.640761 0.000000 0.000000 0.000000 1.000000
0.988259 0.073714 -0.133830 -0.391898 -0.064679 0.995402 0.070652 118.019104 0.138423 -0.061166 0.988483 0.643935 0.000000 0.000000 0.000000 1.000000
0.988303 0.073972 -0.133360 -0.372797 -0.064857 0.995333 0.071450 118.009781 0.138023 -0.061965 0.988489 0.644289 0.000000 0.000000 0.000000 1.000000
0.988284 0.074270 -0.133336 -0.357337 -0.065009 0.995246 0.072520 117.998093 0.138089 -0.063002 0.988414 0.635781 0.000000 0.000000 0.000000 1.000000
0.988222 0.074615 -0.133604 -0.347596 -0.065204 0.995162 0.073486 117.987099 0.138441 -0.063909 0.988307 0.617679 0.000000 0.000000 0.000000 1.000000
0.988168 0.074929 -0.133827 -0.343629 -0.065437 0.995111 0.073973 117.978119 0.138716 -0.064341 0.988240 0.593714 0.000000 0.000000 0.000000 1.000000
0.988152 0.075120 -0.133838 -0.344084 -0.065648 0.995107 0.073840 117.970474 0.138730 -0.064179 0.988248 0.568694 0.000000 0.000000 0.000000 1.000000
0.988155 0.075139 -0.133806 -0.347666 -0.065750 0.995143 0.073262 117.964455 0.138661 -0.063596 0.988296 0.546171 0.000000 0.000000 0.000000 1.000000
0.988137 0.074999 -0.134017 -0.353533 -0.065688 0.995195 0.072603 117.962189 0.138818 -0.062938 0.988316 0.527980 0.000000 0.000000 0.000000 1.000000
0.988092 0.074789 -0.134465 -0.360530 -0.065512 0.995240 0.072148 117.965485 0.139221 -0.062480 0.988288 0.513728 0.000000 0.000000 0.000000 1.000000
0.988059 0.074674 -0.134769 -0.367585 -0.065411 0.995264 0.071904 117.972328 0.139500 -0.062230 0.988265 0.500498 0.000000 0.000000 0.000000 1.000000
0.988078 0.074807 -0.134557 -0.373877 -0.065593 0.995270 0.071659 117.976158 0.139281 -0.061979 0.988311 0.484806 0.000000 0.000000 0.000000 1.000000
0.988142 0.075207 -0.133862 -0.379160 -0.066095 0.995265 0.071266 117.970306 0.138588 -0.061573 0.988434 0.466173 0.000000 0.000000 0.000000 1.000000
0.988213 0.075693 -0.133063 -0.383744 -0.066700 0.995258 0.070801 117.953590 0.137791 -0.061091 0.988575 0.447899 0.000000 0.000000 0.000000 1.000000
0.988265 0.076027 -0.132488 -0.388087 -0.067118 0.995254 0.070461 117.931442 0.137216 -0.060742 0.988677 0.433974 0.000000 0.000000 0.000000 1.000000
0.988294 0.076104 -0.132221 -0.392932 -0.067230 0.995255 0.070332 117.912018 0.136946 -0.060620 0.988722 0.425533 0.000000 0.000000 0.000000 1.000000
0.988303 0.075998 -0.132216 -0.398782 -0.067125 0.995263 0.070326 117.900314 0.136935 -0.060628 0.988723 0.420848 0.000000 0.000000 0.000000 1.000000
0.988293 0.075794 -0.132411 -0.405420 -0.066913 0.995280 0.070287 117.896164 0.137113 -0.060605 0.988700 0.418629 0.000000 0.000000 0.000000 1.000000
0.988281 0.075430 -0.132705 -0.411905 -0.066555 0.995318 0.070093 117.898300 0.137371 -0.060439 0.988674 0.420385 0.000000 0.000000 0.000000 1.000000
0.988292 0.074738 -0.133015 -0.417944 -0.065907 0.995395 0.069605 117.907333 0.137605 -0.060024 0.988667 0.428558 0.000000 0.000000 0.000000 1.000000
0.988321 0.073688 -0.133385 -0.424106 -0.064956 0.995522 0.068678 117.923775 0.137848 -0.059212 0.988682 0.442952 0.000000 0.000000 0.000000 1.000000
0.988333 0.072507 -0.133942 -0.431215 -0.063915 0.995678 0.067375 117.945198 0.138248 -0.058028 0.988696 0.460197 0.000000 0.000000 0.000000 1.000000
0.988305 0.071547 -0.134661 -0.438900 -0.063079 0.995815 0.066138 117.965668 0.138829 -0.056871 0.988682 0.478230 0.000000 0.000000 0.000000 1.000000
0.988270 0.070937 -0.135242 -0.446207 -0.062519 0.995891 0.065512 117.980835 0.139334 -0.056288 0.988644 0.497895 0.000000 0.000000 0.000000 1.000000
0.988290 0.070515 -0.135315 -0.452890 -0.062074 0.995912 0.065628 117.988007 0.139389 -0.056460 0.988627 0.520175 0.000000 0.000000 0.000000 1.000000
0.988402 0.070055 -0.134736 -0.460189 -0.061572 0.995910 0.066129 117.986473 0.138817 -0.057066 0.988672 0.542492 0.000000 0.000000 0.000000 1.000000
0.988575 0.069517 -0.133745 -0.469206 -0.061025 0.995913 0.066583 117.978111 0.137827 -0.057661 0.988777 0.561564 0.000000 0.000000 0.000000 1.000000
0.988733 0.068987 -0.132847 -0.478858 -0.060510 0.995928 0.066825 117.968140 0.136916 -0.058033 0.988881 0.578660 0.000000 0.000000 0.000000 1.000000
0.988817 0.068424 -0.132513 -0.484910 -0.059951 0.995956 0.066913 117.962059 0.136555 -0.058220 0.988920 0.599226 0.000000 0.000000 0.000000 1.000000
0.988826 0.067603 -0.132865 -0.482962 -0.059095 0.996003 0.066971 117.961670 0.136861 -0.058371 0.988869 0.625989 0.000000 0.000000 0.000000 1.000000
0.988805 0.066387 -0.133632 -0.473205 -0.057807 0.996071 0.067094 117.966400 0.137561 -0.058618 0.988757 0.655153 0.000000 0.000000 0.000000 1.000000
0.988793 0.064950 -0.134421 -0.461793 -0.056282 0.996143 0.067310 117.972382 0.138275 -0.058990 0.988636 0.681548 0.000000 0.000000 0.000000 1.000000
0.988797 0.063607 -0.135034 -0.456294 -0.054854 0.996205 0.067584 117.977470 0.138821 -0.059420 0.988533 0.705194 0.000000 0.000000 0.000000 1.000000
0.988805 0.062486 -0.135502 -0.459715 -0.053654 0.996250 0.067878 117.981331 0.139235 -0.059848 0.988449 0.731411 0.000000 0.000000 0.000000 1.000000
0.988808 0.061483 -0.135933 -0.470716 -0.052576 0.996287 0.068174 117.986626 0.139620 -0.060264 0.988370 0.765069 0.000000 0.000000 0.000000 1.000000
0.988805 0.060486 -0.136408 -0.488174 -0.051506 0.996325 0.068433 117.993698 0.140046 -0.060641 0.988286 0.806789 0.000000 0.000000 0.000000 1.000000
0.988784 0.059479 -0.136997 -0.513060 -0.050431 0.996369 0.068602 118.002754 0.140580 -0.060924 0.988193 0.853401 0.000000 0.000000 0.000000 1.000000
0.988739 0.058473 -0.137757 -0.544861 -0.049351 0.996414 0.068734 118.012482 0.141282 -0.061162 0.988078 0.900954 0.000000 0.000000 0.000000 1.000000
0.988677 0.057452 -0.138628 -0.580016 -0.048227 0.996449 0.069013 118.021049 0.142100 -0.061546 0.987937 0.946189 0.000000 0.000000 0.000000 1.000000
0.988634 0.056393 -0.139366 -0.615422 -0.047037 0.996470 0.069542 118.027504 0.142796 -0.062196 0.987796 0.986504 0.000000 0.000000 0.000000 1.000000
0.988651 0.055310 -0.139678 -0.651776 -0.045836 0.996482 0.070162 118.033188 0.143067 -0.062963 0.987708 1.021072 0.000000 0.000000 0.000000 1.000000
0.988743 0.054238 -0.139450 -0.691645 -0.044712 0.996505 0.070560 118.039917 0.142790 -0.063530 0.987712 1.052061 0.000000 0.000000 0.000000 1.000000
0.988881 0.053196 -0.138871 -0.735031 -0.043698 0.996549 0.070568 118.050301 0.142145 -0.063714 0.987793 1.082840 0.000000 0.000000 0.000000 1.000000
0.989015 0.052141 -0.138312 -0.777231 -0.042710 0.996611 0.070302 118.062073 0.141509 -0.063623 0.987890 1.114402 0.000000 0.000000 0.000000 1.000000
0.989105 0.050969 -0.138109 -0.812015 -0.041583 0.996679 0.070016 118.071884 0.141219 -0.063510 0.987939 1.144413 0.000000 0.000000 0.000000 1.000000
0.989132 0.049620 -0.138405 -0.837086 -0.040226 0.996745 0.069863 118.078384 0.141421 -0.063537 0.987909 1.170295 0.000000 0.000000 0.000000 1.000000
0.989096 0.048233 -0.139153 -0.856152 -0.038784 0.996805 0.069832 118.082855 0.142077 -0.063673 0.987806 1.193124 0.000000 0.000000 0.000000 1.000000
0.988997 0.047089 -0.140239 -0.875730 -0.037562 0.996852 0.069826 118.087448 0.143086 -0.063790 0.987652 1.217166 0.000000 0.000000 0.000000 1.000000
0.988838 0.046360 -0.141598 -0.899120 -0.036749 0.996887 0.069758 118.093834 0.144391 -0.063775 0.987463 1.246380 0.000000 0.000000 0.000000 1.000000
0.988622 0.045942 -0.143235 -0.924038 -0.036246 0.996917 0.069584 118.103653 0.145990 -0.063600 0.987239 1.281461 0.000000 0.000000 0.000000 1.000000
0.988363 0.045588 -0.145123 -0.946503 -0.035806 0.996952 0.069316 118.117256 0.147840 -0.063313 0.986983 1.320415 0.000000 0.000000 0.000000 1.000000
0.988092 0.045134 -0.147097 -0.964348 -0.035267 0.996992 0.069012 118.132652 0.149769 -0.063002 0.986712 1.360748 0.000000 0.000000 0.000000 1.000000
0.987851 0.044565 -0.148880 -0.978154 -0.034620 0.997034 0.068736 118.146027 0.151501 -0.062746 0.986464 1.400737 0.000000 0.000000 0.000000 1.000000
0.987678 0.043974 -0.150197 -0.990198 -0.033973 0.997071 0.068517 118.155960 0.152770 -0.062570 0.986279 1.438749 0.000000 0.000000 0.000000 1.000000
0.987590 0.043595 -0.150882 -1.003507 -0.033571 0.997096 0.068358 118.163483 0.153424 -0.062445 0.986185 1.472697 0.000000 0.000000 0.000000 1.000000
0.987576 0.043772 -0.150925 -1.020229 -0.033756 0.997094 0.068299 118.168396 0.153476 -0.062356 0.986183 1.499514 0.000000 0.000000 0.000000 1.000000
0.987602 0.044763 -0.150461 -1.040701 -0.034765 0.997050 0.068435 118.166679 0.153081 -0.062356 0.986244 1.514874 0.000000 0.000000 0.000000 1.000000
0.987642 0.046521 -0.149664 -1.064105 -0.036534 0.996961 0.068804 118.154762 0.152410 -0.062486 0.986340 1.514566 0.000000 0.000000 0.000000 1.000000
0.987700 0.048687 -0.148588 -1.090742 -0.038729 0.996851 0.069197 118.133881 0.151489 -0.062591 0.986475 1.497759 0.000000 0.000000 0.000000 1.000000
0.987800 0.050854 -0.147188 -1.122473 -0.041007 0.996761 0.069177 118.109833 0.150229 -0.062297 0.986686 1.469780 0.000000 0.000000 0.000000 1.000000
0.987941 0.052947 -0.145499 -1.160164 -0.043342 0.996716 0.068408 118.082138 0.148643 -0.061276 0.986991 1.442284 0.000000 0.000000 0.000000 1.000000
0.988075 0.055176 -0.143749 -1.202368 -0.045908 0.996695 0.067014 118.047386 0.146972 -0.059615 0.987343 1.424843 0.000000 0.000000 0.000000 1.000000
0.988156 0.057697 -0.142191 -1.245942 -0.048758 0.996656 0.065566 118.008018 0.145498 -0.057857 0.987665 1.416169 0.000000 0.000000 0.000000 1.000000
0.988191 0.060330 -0.140848 -1.287601 -0.051629 0.996572 0.064636 117.974373 0.144265 -0.056600 0.987919 1.404244 0.000000 0.000000 0.000000 1.000000
0.988228 0.062710 -0.139544 -1.324832 -0.054143 0.996457 0.064363 117.954216 0.143085 -0.056050 0.988122 1.378285 0.000000 0.000000 0.000000 1.000000
0.988301 0.064635 -0.138145 -1.354198 -0.056151 0.996339 0.064459 117.942604 0.141806 -0.055948 0.988312 1.340216 0.000000 0.000000 0.000000 1.000000
0.988397 0.066186 -0.136717 -1.372559 -0.057795 0.996245 0.064464 117.928642 0.140470 -0.055814 0.988510 1.302360 0.000000 0.000000 0.000000 1.000000
0.988483 0.067511 -0.135442 -1.380799 -0.059275 0.996191 0.063946 117.909073 0.139243 -0.055181 0.988720 1.276134 0.000000 0.000000 0.000000 1.000000
0.988536 0.068631 -0.134483 -1.384748 -0.060633 0.996189 0.062701 117.891045 0.138274 -0.053829 0.988930 1.265792 0.000000 0.000000 0.000000 1.000000
0.988552 0.069505 -0.133919 -1.390570 -0.061784 0.996225 0.060977 117.881180 0.137651 -0.052005 0.989115 1.270386 0.000000 0.000000 0.000000 1.000000
0.988525 0.070223 -0.133743 -1.399964 -0.062741 0.996263 0.059366 117.876938 0.137412 -0.050294 0.989236 1.286564 0.000000 0.000000 0.000000 1.000000
0.988449 0.071010 -0.133887 -1.412316 -0.063670 0.996264 0.058338 117.870590 0.137530 -0.049139 0.989278 1.307465 0.000000 0.000000 0.000000 1.000000
0.988324 0.072041 -0.134257 -1.427736 -0.064745 0.996218 0.057945 117.858543 0.137924 -0.048576 0.989251 1.323753 0.000000 0.000000 0.000000 1.000000
0.988161 0.073285 -0.134788 -1.446715 -0.065965 0.996135 0.058001 117.843956 0.138517 -0.048423 0.989176 1.329354 0.000000 0.000000 0.000000 1.000000
0.987975 0.074531 -0.135466 -1.467180 -0.067136 0.996035 0.058367 117.831978 0.139279 -0.048571 0.989061 1.325834 0.000000 0.000000 0.000000 1.000000
0.987784 0.075589 -0.136271 -1.485166 -0.068073 0.995934 0.059001 117.824951 0.140177 -0.049004 0.988913 1.319484 0.000000 0.000000 0.000000 1.000000
0.987607 0.076411 -0.137091 -1.499025 -0.068740 0.995838 0.059851 117.823074 0.141094 -0.049685 0.988749 1.313602 0.000000 0.000000 0.000000 1.000000
0.987466 0.077107 -0.137716 -1.509862 -0.069272 0.995743 0.060813 117.823647 0.141819 -0.050511 0.988603 1.306364 0.000000 0.000000 0.000000 1.000000
0.987383 0.077772 -0.137937 -1.519339 -0.069795 0.995648 0.061761 117.824120 0.142140 -0.051355 0.988513 1.293660 0.000000 0.000000 0.000000 1.000000
0.987371 0.078400 -0.137664 -1.527424 -0.070327 0.995560 0.062567 117.823723 0.141958 -0.052095 0.988501 1.272972 0.000000 0.000000 0.000000 1.000000
0.987427 0.078925 -0.136965 -1.532695 -0.070810 0.995489 0.063151 117.822998 0.141331 -0.052659 0.988561 1.244491 0.000000 0.000000 0.000000 1.000000
0.987525 0.079323 -0.136027 -1.533029 -0.071196 0.995432 0.063607 117.821144 0.140451 -0.053128 0.988661 1.210051 0.000000 0.000000 0.000000 1.000000
0.987632 0.079662 -0.135047 -1.525832 -0.071510 0.995373 0.064186 117.816406 0.139536 -0.053734 0.988758 1.171777 0.000000 0.000000 0.000000 1.000000
0.987725 0.080029 -0.134145 -1.508722 -0.071813 0.995297 0.065015 117.808113 0.138717 -0.054584 0.988827 1.130316 0.000000 0.000000 0.000000 1.000000
0.987802 0.080428 -0.133334 -1.481653 -0.072146 0.995219 0.065827 117.799553 0.137991 -0.055405 0.988883 1.084776 0.000000 0.000000 0.000000 1.000000
0.987875 0.080750 -0.132601 -1.447546 -0.072465 0.995173 0.066173 117.795692 0.137304 -0.055762 0.988958 1.035147 0.000000 0.000000 0.000000 1.000000
0.987948 0.080883 -0.131972 -1.410169 -0.072666 0.995174 0.065939 117.799080 0.136668 -0.055555 0.989058 0.984563 0.000000 0.000000 0.000000 1.000000
0.988012 0.080841 -0.131517 -1.371935 -0.072716 0.995202 0.065458 117.806152 0.136178 -0.055110 0.989150 0.938038 0.000000 0.000000 0.000000 1.000000
0.988052 0.080744 -0.131279 -1.334403 -0.072684 0.995229 0.065083 117.810211 0.135908 -0.054764 0.989207 0.897942 0.000000 0.000000 0.000000 1.000000
0.988068 0.080708 -0.131176 -1.299656 -0.072678 0.995242 0.064897 117.808174 0.135789 -0.054589 0.989233 0.862253 0.000000 0.000000 0.000000 1.000000
0.988088 0.080749 -0.131002 -1.269388 -0.072732 0.995239 0.064878 117.801796 0.135617 -0.054577 0.989257 0.827100 0.000000 0.000000 0.000000 1.000000
0.988142 0.080813 -0.130557 -1.244917 -0.072791 0.995221 0.065094 117.794983 0.135193 -0.054818 0.989302 0.790075 0.000000 0.000000 0.000000 1.000000
0.988234 0.080867 -0.129822 -1.226293 -0.072821 0.995187 0.065581 117.788864 0.134500 -0.055356 0.989366 0.752079 0.000000 0.000000 0.000000 1.000000
0.988336 0.080936 -0.129003 -1.212541 -0.072855 0.995144 0.066187 117.782005 0.133734 -0.056017 0.989433 0.716172 0.000000 0.000000 0.000000 1.000000
0.988405 0.081069 -0.128386 -1.202173 -0.072959 0.995104 0.066667 117.773697 0.133162 -0.056527 0.989481 0.685323 0.000000 0.000000 0.000000 1.000000
0.988422 0.081261 -0.128138 -1.194142 -0.073137 0.995076 0.066892 117.765961 0.132943 -0.056746 0.989498 0.660129 0.000000 0.000000 0.000000 1.000000
0.988391 0.081468 -0.128245 -1.187453 -0.073332 0.995058 0.066942 117.760803 0.133065 -0.056760 0.989481 0.639465 0.000000 0.000000 0.000000 1.000000
0.988331 0.081664 -0.128578 -1.180241 -0.073497 0.995040 0.067036 117.757401 0.133415 -0.056804 0.989431 0.622414 0.000000 0.000000 0.000000 1.000000
0.988253 0.081898 -0.129032 -1.170788 -0.073665 0.995007 0.067347 117.753746 0.133903 -0.057050 0.989351 0.608706 0.000000 0.000000 0.000000 1.000000
0.988157 0.082228 -0.129555 -1.159555 -0.073904 0.994958 0.067807 117.747581 0.134477 -0.057429 0.989251 0.596352 0.000000 0.000000 0.000000 1.000000
0.988055 0.082619 -0.130081 -1.148247 -0.074214 0.994908 0.068192 117.737846 0.135052 -0.057723 0.989156 0.580874 0.000000 0.000000 0.000000 1.000000
0.987973 0.082966 -0.130481 -1.137021 -0.074508 0.994870 0.068420 117.726021 0.135488 -0.057876 0.989087 0.558405 0.000000 0.000000 0.000000 1.000000
0.987929 0.083216 -0.130659 -1.124618 -0.074723 0.994841 0.068616 117.714867 0.135695 -0.058024 0.989050 0.528899 0.000000 0.000000 0.000000 1.000000
0.987908 0.083434 -0.130677 -1.110472 -0.074913 0.994812 0.068824 117.706383 0.135742 -0.058202 0.989033 0.495960 0.000000 0.000000 0.000000 1.000000
0.987881 0.083685 -0.130717 -1.094823 -0.075158 0.994791 0.068867 117.700851 0.135800 -0.058208 0.989025 0.463579 0.000000 0.000000 0.000000 1.000000
0.987840 0.083894 -0.130898 -1.076765 -0.075398 0.994793 0.068576 117.696159 0.135970 -0.057873 0.989021 0.433206 0.000000 0.000000 0.000000 1.000000
0.987805 0.083916 -0.131144 -1.054086 -0.075480 0.994824 0.068032 117.689957 0.136174 -0.057303 0.989026 0.403316 0.000000 0.000000 0.000000 1.000000
0.987807 0.083740 -0.131243 -1.026124 -0.075375 0.994870 0.067470 117.681229 0.136220 -0.056755 0.989052 0.371297 0.000000 0.000000 0.000000 1.000000
0.987851 0.083574 -0.131016 -0.994421 -0.075282 0.994907 0.067023 117.668381 0.135950 -0.056345 0.989112 0.335658 0.000000 0.000000 0.000000 1.000000
0.987922 0.083627 -0.130452 -0.960263 -0.075428 0.994926 0.066582 117.651276 0.135358 -0.055938 0.989216 0.295986 0.000000 0.000000 0.000000 1.000000
0.987999 0.083857 -0.129714 -0.923019 -0.075793 0.994943 0.065914 117.632561 0.134585 -0.055291 0.989358 0.251780 0.000000 0.000000 0.000000 1.000000
0.988076 0.084032 -0.129011 -0.880778 -0.076142 0.994981 0.064922 117.614113 0.133819 -0.054325 0.989516 0.203765 0.000000 0.000000 0.000000 1.000000
0.988159 0.083935 -0.128437 -0.832838 -0.076227 0.995047 0.063799 117.600151 0.133156 -0.053253 0.989663 0.155104 0.000000 0.000000 0.000000 1.000000
0.988261 0.083483 -0.127949 -0.779696 -0.075928 0.995131 0.062842 117.593903 0.132572 -0.052389 0.989788 0.110906 0.000000 0.000000 0.000000 1.000000
0.988393 0.082654 -0.127469 -0.722272 -0.075213 0.995230 0.062135 117.596436 0.131996 -0.051827 0.989894 0.074686 0.000000 0.000000 0.000000 1.000000
0.988551 0.081477 -0.127001 -0.661854 -0.074132 0.995348 0.061537 117.605545 0.131424 -0.051418 0.989992 0.045974 0.000000 0.000000 0.000000 1.000000
0.988709 0.080203 -0.126580 -0.599389 -0.072943 0.995469 0.060990 117.613609 0.130899 -0.051068 0.990080 0.022973 0.000000 0.000000 0.000000 1.000000
0.988846 0.079152 -0.126169 -0.537580 -0.071948 0.995561 0.060679 117.615837 0.130412 -0.050925 0.990151 0.003822 0.000000 0.000000 0.000000 1.000000
0.988964 0.078467 -0.125669 -0.479723 -0.071265 0.995601 0.060826 117.611580 0.129889 -0.051199 0.990206 -0.011840 0.000000 0.000000 0.000000 1.000000
0.989085 0.077942 -0.125040 -0.428095 -0.070688 0.995604 0.061447 117.604836 0.129279 -0.051938 0.990247 -0.024969 0.000000 0.000000 0.000000 1.000000
0.989228 0.077250 -0.124340 -0.381700 -0.069906 0.995601 0.062384 117.601242 0.128612 -0.053020 0.990277 -0.037937 0.000000 0.000000 0.000000 1.000000
0.989388 0.076292 -0.123657 -0.336749 -0.068838 0.995607 0.063474 117.602333 0.127957 -0.054288 0.990293 -0.052497 0.000000 0.000000 0.000000 1.000000
0.989546 0.075215 -0.123048 -0.290415 -0.067644 0.995616 0.064594 117.606850 0.127367 -0.055596 0.990296 -0.068013 0.000000 0.000000 0.000000 1.000000
0.989687 0.074149 -0.122561 -0.242672 -0.066471 0.995630 0.065597 117.610809 0.126889 -0.056774 0.990291 -0.081634 0.000000 0.000000 0.000000 1.000000
0.989811 0.073067 -0.122210 -0.194687 -0.065303 0.995655 0.066380 117.611778 0.126529 -0.057723 0.990282 -0.090685 0.000000 0.000000 0.000000 1.000000
0.989934 0.071900 -0.121906 -0.146857 -0.064067 0.995694 0.067006 117.610985 0.126198 -0.058521 0.990277 -0.095060 0.000000 0.000000 0.000000 1.000000
0.990073 0.070599 -0.121534 -0.099553 -0.062703 0.995739 0.067617 117.612015 0.125790 -0.059325 0.990281 -0.098306 0.000000 0.000000 0.000000 1.000000
0.990229 0.069131 -0.121112 -0.054351 -0.061176 0.995793 0.068215 117.616943 0.125318 -0.060140 0.990292 -0.104459 0.000000 0.000000 0.000000 1.000000
0.990382 0.067506 -0.120772 -0.013261 -0.059509 0.995865 0.068640 117.625694 0.124906 -0.060793 0.990304 -0.113516 0.000000 0.000000 0.000000 1.000000
0.990515 0.065843 -0.120602 0.023434 -0.057828 0.995953 0.068797 117.635147 0.124644 -0.061170 0.990314 -0.120789 0.000000 0.000000 0.000000 1.000000
0.990627 0.064241 -0.120546 0.057518 -0.056222 0.996046 0.068784 117.643547 0.124488 -0.061362 0.990322 -0.122590 0.000000 0.000000 0.000000 1.000000
0.990738 0.062656 -0.120469 0.090741 -0.054638 0.996137 0.068746 117.650658 0.124311 -0.061527 0.990334 -0.120264 0.000000 0.000000 0.000000 1.000000
0.990864 0.060995 -0.120283 0.122255 -0.052985 0.996229 0.068705 117.657814 0.124020 -0.061704 0.990359 -0.117104 0.000000 0.000000 0.000000 1.000000
0.990998 0.059346 -0.120001 0.148193 -0.051353 0.996319 0.068640 117.666260 0.123633 -0.061860 0.990398 -0.112519 0.000000 0.000000 0.000000 1.000000
0.991112 0.057963 -0.119739 0.164731 -0.049980 0.996389 0.068638 117.675926 0.123285 -0.062044 0.990430 -0.102744 0.000000 0.000000 0.000000 1.000000
0.991182 0.056983 -0.119629 0.171031 -0.048979 0.996427 0.068813 117.685783 0.123122 -0.062347 0.990431 -0.086658 0.000000 0.000000 0.000000 1.000000
0.991207 0.056267 -0.119759 0.168843 -0.048220 0.996446 0.069064 117.694984 0.123219 -0.062682 0.990398 -0.067042 0.000000 0.000000 0.000000 1.000000
0.991196 0.055571 -0.120175 0.158660 -0.047495 0.996481 0.069059 117.703583 0.123590 -0.062743 0.990348 -0.045490 0.000000 0.000000 0.000000 1.000000
0.991149 0.054772 -0.120925 0.139301 -0.046704 0.996552 0.068575 117.711662 0.124264 -0.062320 0.990290 -0.019357 0.000000 0.000000 0.000000 1.000000
0.991063 0.053919 -0.122014 0.111715 -0.045878 0.996645 0.067783 117.719658 0.125259 -0.061579 0.990211 0.014452 0.000000 0.000000 0.000000 1.000000
0.990947 0.053122 -0.123297 0.079961 -0.045082 0.996727 0.067106 117.728439 0.126458 -0.060940 0.990098 0.055563 0.000000 0.000000 0.000000 1.000000
0.990835 0.052429 -0.124490 0.046846 -0.044350 0.996780 0.066805 117.739517 0.127592 -0.060672 0.989969 0.101530 0.000000 0.000000 0.000000 1.000000
0.990761 0.051772 -0.125349 0.012316 -0.043641 0.996814 0.066765 117.751793 0.128407 -0.060678 0.989864 0.151616 0.000000 0.000000 0.000000 1.000000
0.990738 0.051032 -0.125831 -0.023629 -0.042879 0.996853 0.066676 117.762054 0.128837 -0.060663 0.989809 0.206740 0.000000 0.000000 0.000000 1.000000
0.990754 0.050182 -0.126049 -0.060148 -0.042049 0.996908 0.066373 117.768829 0.128990 -0.060459 0.989801 0.266433 0.000000 0.000000 0.000000 1.000000
0.990786 0.049330 -0.126132 -0.098447 -0.041236 0.996967 0.066000 117.774658 0.129005 -0.060191 0.989816 0.327461 0.000000 0.000000 0.000000 1.000000
0.990820 0.048612 -0.126149 -0.142699 -0.040536 0.997008 0.065817 117.782631 0.128971 -0.060099 0.989826 0.385371 0.000000 0.000000 0.000000 1.000000
0.990843 0.048090 -0.126168 -0.196173 -0.040002 0.997026 0.065875 117.790939 0.128961 -0.060225 0.989819 0.437305 0.000000 0.000000 0.000000 1.000000
0.990844 0.047781 -0.126271 -0.258387 -0.039676 0.997034 0.065942 117.794701 0.129047 -0.060328 0.989802 0.483117 0.000000 0.000000 0.000000 1.000000
0.990820 0.047733 -0.126484 -0.326918 -0.039642 0.997049 0.065737 117.792610 0.129248 -0.060120 0.989788 0.523149 0.000000 0.000000 0.000000 1.000000
0.990773 0.048043 -0.126735 -0.399381 -0.040012 0.997072 0.065173 117.790672 0.129495 -0.059500 0.989793 0.554686 0.000000 0.000000 0.000000 1.000000
0.990704 0.048826 -0.126967 -0.471997 -0.040897 0.997091 0.064320 117.793793 0.129738 -0.058529 0.989819 0.572497 0.000000 0.000000 0.000000 1.000000
0.990593 0.050158 -0.127320 -0.538408 -0.042363 0.997101 0.063210 117.798912 0.130121 -0.057222 0.989845 0.573981 0.000000 0.000000 0.000000 1.000000
0.990400 0.051991 -0.128085 -0.593924 -0.044357 0.997105 0.061755 117.798248 0.130925 -0.055481 0.989839 0.563109 0.000000 0.000000 0.000000 1.000000
0.990123 0.054137 -0.129330 -0.640916 -0.046688 0.997109 0.059952 117.787666 0.132202 -0.053322 0.989788 0.548490 0.000000 0.000000 0.000000 1.000000
0.989827 0.056378 -0.130626 -0.688694 -0.049119 0.997099 0.058144 117.770828 0.133525 -0.051136 0.989725 0.536430 0.000000 0.000000 0.000000 1.000000
0.989604 0.058614 -0.131336 -0.745478 -0.051500 0.997049 0.056926 117.753639 0.134285 -0.049570 0.989702 0.525324 0.000000 0.000000 0.000000 1.000000
0.989489 0.060825 -0.131191 -0.812040 -0.053770 0.996944 0.056664 117.739502 0.134237 -0.049014 0.989736 0.507539 0.000000 0.000000 0.000000 1.000000
0.989455 0.062949 -0.130446 -0.883080 -0.055886 0.996802 0.057126 117.728775 0.133624 -0.049233 0.989808 0.479134 0.000000 0.000000 0.000000 1.000000
0.989458 0.064847 -0.129489 -0.953555 -0.057775 0.996664 0.057646 117.721199 0.132796 -0.049557 0.989904 0.447494 0.000000 0.000000 0.000000 1.000000
0.989479 0.066462 -0.128509 -1.020349 -0.059443 0.996563 0.057702 117.714569 0.131902 -0.049455 0.990028 0.427355 0.000000 0.000000 0.000000 1.000000
0.989512 0.067883 -0.127506 -1.080677 -0.060978 0.996493 0.057306 117.704208 0.130949 -0.048930 0.990181 0.426948 0.000000 0.000000 0.000000 1.000000
0.989563 0.069242 -0.126376 -1.132011 -0.062463 0.996427 0.056843 117.688515 0.129860 -0.048356 0.990352 0.440742 0.000000 0.000000 0.000000 1.000000
0.989658 0.070509 -0.124922 -1.174768 -0.063846 0.996355 0.056566 117.670593 0.128455 -0.048005 0.990553 0.456923 0.000000 0.000000 0.000000 1.000000
0.989826 0.071488 -0.123019 -1.212655 -0.064948 0.996295 0.056382 117.658546 0.126594 -0.047819 0.990801 0.470100 0.000000 0.000000 0.000000 1.000000
0.990053 0.072048 -0.120844 -1.248081 -0.065653 0.996264 0.056099 117.654991 0.124435 -0.047607 0.991085 0.484001 0.000000 0.000000 0.000000 1.000000
0.990276 0.072364 -0.118811 -1.279861 -0.066111 0.996253 0.055760 117.654640 0.122401 -0.047363 0.991350 0.502661 0.000000 0.000000 0.000000 1.000000
