<?xml version="1.0" encoding="utf-8"?>
<COLLADA xmlns="http://www.collada.org/2005/11/COLLADASchema" version="1.4.1">
  <asset>
    <contributor>
      <author>Mixamo</author>
      <authoring_tool>COLLADA Mixamo exporter</authoring_tool>
      <comments/>
    </contributor>
    <created>2022-02-20T23:56:23Z</created>
    <modified>2022-02-20T23:56:23Z</modified>
    <revision/>
    <title/>
    <unit meter="0.010000"/>
    <up_axis>Y_UP</up_axis>
  </asset>
  <library_animations>
    <animation id="Hips-anim" name="Hips">
      <source id="Hips-Matrix-animation-input">
        <float_array id="Hips-Matrix-animation-input-array" count="22">

0.000000 0.033333 0.066667 0.100000 0.133333 0.166667 0.200000 0.233333 0.266667 0.300000 0.333333 0.366667 0.400000 0.433333 0.466667 0.500000
0.533333 0.566667 0.600000 0.633333 0.666667 0.700000</float_array>
        <technique_common>
          <accessor source="#Hips-Matrix-animation-input-array" count="22">
            <param name="TIME" type="float"/>
          </accessor>
        </technique_common>
      </source>
      <source id="Hips-Matrix-animation-output-transform">
        <float_array id="Hips-Matrix-animation-output-transform-array" count="352">

0.979656 0.187654 -0.071137 0.235455 -0.196981 0.966928 -0.162016 105.140877 0.038382 0.172732 0.984221 -2.936306 0.000000 0.000000 0.000000 1.000000
0.981655 0.153553 -0.113029 0.452494 -0.174064 0.963676 -0.202560 107.790733 0.077820 0.218519 0.972725 -1.696519 0.000000 0.000000 0.000000 1.000000
0.984571 0.097309 -0.145435 0.801619 -0.129874 0.963365 -0.234649 110.882660 0.117273 0.249916 0.961139 -0.365176 0.000000 0.000000 0.000000 1.000000
0.989530 0.033511 -0.140382 1.273377 -0.070886 0.960116 -0.270468 113.516106 0.125719 0.277587 0.952439 0.519491 0.000000 0.000000 0.000000 1.000000
0.995212 -0.008166 -0.097400 1.507400 -0.021250 0.954592 -0.297158 115.549263 0.095403 0.297805 0.949848 0.493880 0.000000 0.000000 0.000000 1.000000
0.998842 -0.017302 -0.044885 1.215579 0.003526 0.956906 -0.290378 116.685188 0.047975 0.289883 0.955859 -1.053783 0.000000 0.000000 0.000000 1.000000
0.999982 -0.005882 -0.001265 0.817860 0.005389 0.969135 -0.246473 116.086838 0.002676 0.246461 0.969149 -3.376970 0.000000 0.000000 0.000000 1.000000
0.999257 0.000649 0.038533 0.770581 0.006833 0.981033 -0.193719 112.652824 -0.037928 0.193839 0.980300 -4.744428 0.000000 0.000000 0.000000 1.000000
0.995694 -0.015467 0.091400 1.234091 0.030331 0.986068 -0.163552 107.794182 -0.087597 0.165620 0.982292 -5.105556 0.000000 0.000000 0.000000 1.000000
0.987751 -0.053483 0.146584 2.012245 0.077180 0.983920 -0.161075 104.259583 -0.135612 0.170415 0.975996 -5.458229 0.000000 0.000000 0.000000 1.000000
0.982435 -0.078268 0.169395 2.646561 0.108195 0.978540 -0.175367 103.348106 -0.152034 0.190614 0.969820 -5.265772 0.000000 0.000000 0.000000 1.000000
0.986180 -0.066011 0.151958 2.943915 0.094769 0.977085 -0.190589 104.548897 -0.135895 0.202356 0.969837 -4.294784 0.000000 0.000000 0.000000 1.000000
0.993225 -0.018122 0.114787 2.822688 0.040713 0.979425 -0.197658 108.618523 -0.108844 0.200993 0.973527 -2.678275 0.000000 0.000000 0.000000 1.000000
0.996549 0.046716 0.068607 2.401608 -0.031597 0.977855 -0.206883 113.503174 -0.076753 0.204002 0.975957 -1.261208 0.000000 0.000000 0.000000 1.000000
0.994698 0.101941 0.013563 1.957663 -0.096435 0.970418 -0.221334 116.656525 -0.035725 0.218853 0.975104 -0.984400 0.000000 0.000000 0.000000 1.000000
0.991290 0.127694 -0.032237 1.789083 -0.131666 0.966423 -0.220661 116.703217 0.002977 0.222983 0.974818 -1.965476 0.000000 0.000000 0.000000 1.000000
0.991184 0.123818 -0.047142 1.843772 -0.130548 0.973426 -0.188144 114.647530 0.022593 0.192639 0.981010 -3.460631 0.000000 0.000000 0.000000 1.000000
0.992277 0.117625 -0.039375 1.560706 -0.122014 0.982726 -0.139151 111.517181 0.022327 0.142880 0.989488 -4.519553 0.000000 0.000000 0.000000 1.000000
0.990169 0.134524 -0.038326 0.712817 -0.137974 0.984365 -0.109490 107.854691 0.022998 0.113702 0.993249 -5.214205 0.000000 0.000000 0.000000 1.000000
0.984197 0.167644 -0.057030 -0.068208 -0.173131 0.978612 -0.111108 104.960533 0.037184 0.119226 0.992171 -5.290134 0.000000 0.000000 0.000000 1.000000
0.979041 0.189557 -0.074479 -0.310578 -0.198054 0.971368 -0.131221 103.976013 0.047473 0.143222 0.988551 -4.400511 0.000000 0.000000 0.000000 1.000000
0.979656 0.187655 -0.071137 0.235456 -0.196981 0.966928 -0.162016 105.140892 0.038382 0.172732 0.984221 -2.936307 0.000000 0.000000 0.000000 1.000000</float_array>
        <technique_common>
          <accessor source="#Hips-Matrix-animation-output-transform-array" count="22" stride="16">
            <param type="float4x4"/>
          </accessor>
        </technique_common>
      </source>
      <source id="Hips-Interpolations">
        <Name_array id="Hips-Interpolations-array" count="22">
 LINEAR LINEAR LINEAR LINEAR LINEAR LINEAR LINEAR LINEAR LINEAR LINEAR LINEAR
LINEAR LINEAR LINEAR LINEAR LINEAR LINEAR LINEAR LINEAR LINEAR LINEAR LINEAR</Name_array>
        <technique_common>
          <accessor source="#Hips-Interpolations-array" count="22">
            <param type="name"/>
          </accessor>
        </technique_common>
      </source>
      <sampler id="Hips-Matrix-animation-transform">
        <input semantic="INPUT" source="#Hips-Matrix-animation-input"/>
        <input semantic="OUTPUT" source="#Hips-Matrix-animation-output-transform"/>
        <input semantic="INTERPOLATION" source="#Hips-Interpolations"/>
      </sampler>
      <channel source="#Hips-Matrix-animation-transform" target="Hips/matrix"/>
    </animation>
    <animation id="Spine-anim" name="Spine">
      <source id="Spine-Matrix-animation-input">
        <float_array id="Spine-Matrix-animation-input-array" count="22">

0.000000 0.033333 0.066667 0.100000 0.133333 0.166667 0.200000 0.233333 0.266667 0.300000 0.333333 0.366667 0.400000 0.433333 0.466667 0.500000
0.533333 0.566667 0.600000 0.633333 0.666667 0.700000</float_array>
        <technique_common>
          <accessor source="#Spine-Matrix-animation-input-array" count="22">
            <param name="TIME" type="float"/>
          </accessor>
        </technique_common>
      </source>
      <source id="Spine-Matrix-animation-output-transform">
        <float_array id="Spine-Matrix-animation-output-transform-array" count="352">

0.989182 -0.134758 0.057955 -0.139400 0.136939 0.989945 -0.035439 9.938600 -0.052597 0.042991 0.997690 0.799700 0.000000 0.000000 0.000000 1.000000
0.990045 -0.116585 0.078865 -0.139400 0.117781 0.992982 -0.010670 9.938600 -0.077068 0.019852 0.996828 0.799700 0.000000 0.000000 0.000000 1.000000
0.990500 -0.084896 0.108174 -0.139400 0.084940 0.996377 0.004209 9.938600 -0.108140 0.005019 0.994123 0.799700 0.000000 0.000000 0.000000 1.000000
0.989785 -0.047315 0.134491 -0.139400 0.046040 0.998860 0.012575 9.938600 -0.134932 -0.006255 0.990835 0.799700 0.000000 0.000000 0.000000 1.000000
0.988767 -0.019473 0.148193 -0.139400 0.017464 0.999737 0.014844 9.938600 -0.148443 -0.012089 0.988847 0.799700 0.000000 0.000000 0.000000 1.000000
0.989217 -0.002884 0.146430 -0.139400 0.002222 0.999987 0.004686 9.938600 -0.146441 -0.004310 0.989210 0.799700 0.000000 0.000000 0.000000 1.000000
0.991407 0.002452 0.130789 -0.139400 -0.000098 0.999838 -0.017998 9.938600 -0.130812 0.017831 0.991247 0.799700 0.000000 0.000000 0.000000 1.000000
0.993832 -0.000992 0.110893 -0.139400 0.005530 0.999159 -0.040625 9.938600 -0.110759 0.040988 0.993002 0.799700 0.000000 0.000000 0.000000 1.000000
0.995845 -0.005564 0.090891 -0.139400 0.010019 0.998766 -0.048637 9.938600 -0.090508 0.049346 0.994672 0.799700 0.000000 0.000000 0.000000 1.000000
0.997129 0.003234 0.075656 -0.139400 -0.000232 0.999214 -0.039650 9.938600 -0.075725 0.039519 0.996345 0.799700 0.000000 0.000000 0.000000 1.000000
0.997394 0.012367 0.071084 -0.139400 -0.010958 0.999736 -0.020182 9.938600 -0.071314 0.019350 0.997266 0.799700 0.000000 0.000000 0.000000 1.000000
0.997777 0.002356 0.066597 -0.139400 -0.002080 0.999989 -0.004206 9.938600 -0.066606 0.004058 0.997771 0.799700 0.000000 0.000000 0.000000 1.000000
0.998259 -0.029799 0.050903 -0.139400 0.029933 0.999550 -0.001878 9.938600 -0.050825 0.003398 0.998702 0.799700 0.000000 0.000000 0.000000 1.000000
0.997000 -0.070395 0.032179 -0.139400 0.070700 0.997462 -0.008439 9.938600 -0.031503 0.010689 0.999446 0.799700 0.000000 0.000000 0.000000 1.000000
0.994244 -0.104793 0.022313 -0.139400 0.105161 0.994326 -0.016014 9.938600 -0.020508 0.018269 0.999623 0.799700 0.000000 0.000000 0.000000 1.000000
0.991816 -0.126258 0.018970 -0.139400 0.126756 0.991543 -0.027853 9.938600 -0.015293 0.030029 0.999432 0.799700 0.000000 0.000000 0.000000 1.000000
0.991244 -0.130816 0.017958 -0.139400 0.131567 0.990034 -0.050226 9.938600 -0.011209 0.052149 0.998576 0.799700 0.000000 0.000000 0.000000 1.000000
0.992040 -0.123935 0.022293 -0.139400 0.125285 0.989230 -0.075680 9.938600 -0.012674 0.077871 0.996883 0.799700 0.000000 0.000000 0.000000 1.000000
0.992695 -0.115688 0.034245 -0.139400 0.118288 0.989120 -0.087464 9.938600 -0.023754 0.090876 0.995579 0.799700 0.000000 0.000000 0.000000 1.000000
0.992093 -0.115140 0.049943 -0.139400 0.118882 0.989690 -0.079878 9.938600 -0.040231 0.085183 0.995553 0.799700 0.000000 0.000000 0.000000 1.000000
0.990564 -0.123853 0.058682 -0.139400 0.127348 0.990035 -0.060111 9.938600 -0.050652 0.067017 0.996465 0.799700 0.000000 0.000000 0.000000 1.000000
0.989182 -0.134759 0.057955 -0.139400 0.136939 0.989945 -0.035439 9.938600 -0.052597 0.042991 0.997690 0.799700 0.000000 0.000000 0.000000 1.000000</float_array>
        <technique_common>
          <accessor source="#Spine-Matrix-animation-output-transform-array" count="22" stride="16">
            <param type="float4x4"/>
          </accessor>
        </technique_common>
      </source>
      <source id="Spine-Interpolations">
        <Name_array id="Spine-Interpolations-array" count="22">
 LINEAR LINEAR LINEAR LINEAR LINEAR LINEAR LINEAR LINEAR LINEAR LINEAR LINEAR
LINEAR LINEAR LINEAR LINEAR LINEAR LINEAR LINEAR LINEAR LINEAR LINEAR LINEAR</Name_array>
        <technique_common>
          <accessor source="#Spine-Interpolations-array" count="22">
            <param type="name"/>
          </accessor>
        </technique_common>
      </source>
      <sampler id="Spine-Matrix-animation-transform">
        <input semantic="INPUT" source="#Spine-Matrix-animation-input"/>
        <input semantic="OUTPUT" source="#Spine-Matrix-animation-output-transform"/>
        <input semantic="INTERPOLATION" source="#Spine-Interpolations"/>
      </sampler>
      <channel source="#Spine-Matrix-animation-transform" target="Spine/matrix"/>
    </animation>
    <animation id="Spine1-anim" name="Spine1">
      <source id="Spine1-Matrix-animation-input">
        <float_array id="Spine1-Matrix-animation-input-array" count="22">

0.000000 0.033333 0.066667 0.100000 0.133333 0.166667 0.200000 0.233333 0.266667 0.300000 0.333333 0.366667 0.400000 0.433333 0.466667 0.500000
0.533333 0.566667 0.600000 0.633333 0.666667 0.700000</float_array>
        <technique_common>
          <accessor source="#Spine1-Matrix-animation-input-array" count="22">
            <param name="TIME" type="float"/>
          </accessor>
        </technique_common>
      </source>
      <source id="Spine1-Matrix-animation-output-transform">
        <float_array id="Spine1-Matrix-animation-output-transform-array" count="352">

0.999644 -0.024710 -0.010071 -0.162600 0.023015 0.989425 -0.143207 11.595000 0.013503 0.142924 0.989642 -0.285800 0.000000 0.000000 0.000000 1.000000
0.999589 0.010974 0.026487 -0.162600 -0.007919 0.993584 -0.112819 11.595000 -0.027555 0.112563 0.993262 -0.285800 0.000000 0.000000 0.000000 1.000000
0.995751 0.054043 0.074561 -0.162600 -0.047314 0.994886 -0.089242 11.595000 -0.079002 0.085335 0.993215 -0.285800 0.000000 0.000000 0.000000 1.000000
0.988886 0.093451 0.115639 -0.162600 -0.085842 0.993908 -0.069131 11.595000 -0.121395 0.058436 0.990883 -0.285800 0.000000 0.000000 0.000000 1.000000
0.983787 0.115519 0.137179 -0.162600 -0.108742 0.992495 -0.055934 11.595000 -0.142611 0.040110 0.988966 -0.285800 0.000000 0.000000 0.000000 1.000000
0.983887 0.112166 0.139230 -0.162600 -0.104846 0.992745 -0.058864 11.595000 -0.144822 0.043318 0.988509 -0.285800 0.000000 0.000000 0.000000 1.000000
0.987819 0.091541 0.125835 -0.162600 -0.081823 0.993403 -0.080352 11.595000 -0.132360 0.069077 0.988792 -0.285800 0.000000 0.000000 0.000000 1.000000
0.992353 0.076160 0.097139 -0.162600 -0.065495 0.991924 -0.108613 11.595000 -0.104626 0.101420 0.989327 -0.285800 0.000000 0.000000 0.000000 1.000000
0.995101 0.080007 0.058078 -0.162600 -0.072068 0.989172 -0.127850 11.595000 -0.067678 0.123038 0.990092 -0.285800 0.000000 0.000000 0.000000 1.000000
0.995296 0.093589 0.025042 -0.162600 -0.089481 0.987111 -0.132686 11.595000 -0.037137 0.129821 0.990842 -0.285800 0.000000 0.000000 0.000000 1.000000
0.995476 0.094747 0.007059 -0.162600 -0.093120 0.987723 -0.125428 11.595000 -0.018856 0.124203 0.992078 -0.285800 0.000000 0.000000 0.000000 1.000000
0.997512 0.070000 -0.008354 -0.162600 -0.070496 0.990823 -0.115330 11.595000 0.000205 0.115632 0.993292 -0.285800 0.000000 0.000000 0.000000 1.000000
0.999084 0.024785 -0.034876 -0.162600 -0.028599 0.993128 -0.113483 11.595000 0.031823 0.114376 0.992928 -0.285800 0.000000 0.000000 0.000000 1.000000
0.997538 -0.021651 -0.066698 -0.162600 0.013723 0.993025 -0.117102 11.595000 0.068768 0.115899 0.990878 -0.285800 0.000000 0.000000 0.000000 1.000000
0.994606 -0.051962 -0.089773 -0.162600 0.041146 0.992115 -0.118386 11.595000 0.095217 0.114054 0.988901 -0.285800 0.000000 0.000000 0.000000 1.000000
0.993301 -0.058243 -0.099808 -0.162600 0.045749 0.991328 -0.123187 11.595000 0.106117 0.117796 0.987352 -0.285800 0.000000 0.000000 0.000000 1.000000
0.994054 -0.044261 -0.099484 -0.162600 0.029900 0.989491 -0.141469 11.595000 0.104700 0.137653 0.984931 -0.285800 0.000000 0.000000 0.000000 1.000000
0.995859 -0.027937 -0.086511 -0.162600 0.013129 0.985832 -0.167219 11.595000 0.089957 0.165391 0.982117 -0.285800 0.000000 0.000000 0.000000 1.000000
0.997960 -0.025384 -0.058586 -0.162600 0.014268 0.983031 -0.182883 11.595000 0.062235 0.181674 0.981387 -0.285800 0.000000 0.000000 0.000000 1.000000
0.999065 -0.032167 -0.028886 -0.162600 0.026407 0.983055 -0.181401 11.595000 0.034232 0.180468 0.982985 -0.285800 0.000000 0.000000 0.000000 1.000000
0.999333 -0.033960 -0.013435 -0.162600 0.031227 0.985320 -0.167839 11.595000 0.018938 0.167307 0.985723 -0.285800 0.000000 0.000000 0.000000 1.000000
0.999644 -0.024710 -0.010071 -0.162600 0.023015 0.989425 -0.143207 11.595000 0.013503 0.142924 0.989642 -0.285800 0.000000 0.000000 0.000000 1.000000</float_array>
        <technique_common>
          <accessor source="#Spine1-Matrix-animation-output-transform-array" count="22" stride="16">
            <param type="float4x4"/>
          </accessor>
        </technique_common>
      </source>
      <source id="Spine1-Interpolations">
        <Name_array id="Spine1-Interpolations-array" count="22">
 LINEAR LINEAR LINEAR LINEAR LINEAR LINEAR LINEAR LINEAR LINEAR LINEAR LINEAR
LINEAR LINEAR LINEAR LINEAR LINEAR LINEAR LINEAR LINEAR LINEAR LINEAR LINEAR</Name_array>
        <technique_common>
          <accessor source="#Spine1-Interpolations-array" count="22">
            <param type="name"/>
          </accessor>
        </technique_common>
      </source>
      <sampler id="Spine1-Matrix-animation-transform">
        <input semantic="INPUT" source="#Spine1-Matrix-animation-input"/>
        <input semantic="OUTPUT" source="#Spine1-Matrix-animation-output-transform"/>
        <input semantic="INTERPOLATION" source="#Spine1-Interpolations"/>
      </sampler>
      <channel source="#Spine1-Matrix-animation-transform" target="Spine1/matrix"/>
    </animation>
    <animation id="Spine2-anim" name="Spine2">
      <source id="Spine2-Matrix-animation-input">
        <float_array id="Spine2-Matrix-animation-input-array" count="22">

0.000000 0.033333 0.066667 0.100000 0.133333 0.166667 0.200000 0.233333 0.266667 0.300000 0.333333 0.366667 0.400000 0.433333 0.466667 0.500000
0.533333 0.566667 0.600000 0.633333 0.666667 0.700000</float_array>
        <technique_common>
          <accessor source="#Spine2-Matrix-animation-input-array" count="22">
            <param name="TIME" type="float"/>
          </accessor>
        </technique_common>
      </source>
      <source id="Spine2-Matrix-animation-output-transform">
        <float_array id="Spine2-Matrix-animation-output-transform-array" count="352">

0.994735 -0.101675 -0.012828 -0.185800 0.100097 0.990797 -0.091114 13.251400 0.021973 0.089350 0.995758 -1.022900 0.000000 0.000000 0.000000 1.000000
0.997275 -0.069491 0.024788 -0.185800 0.070844 0.995758 -0.058704 13.251400 -0.020604 0.060301 0.997968 -1.022900 0.000000 0.000000 0.000000 1.000000
0.996797 -0.029888 0.074183 -0.185800 0.032445 0.998912 -0.033501 13.251400 -0.073101 0.035800 0.996682 -1.022900 0.000000 0.000000 0.000000 1.000000
0.993142 0.007361 0.116684 -0.185800 -0.005945 0.999904 -0.012484 13.251400 -0.116765 0.011705 0.993091 -1.022900 0.000000 0.000000 0.000000 1.000000
0.989823 0.028641 0.139392 -0.185800 -0.029052 0.999577 0.000911 13.251400 -0.139307 -0.004951 0.990237 -1.022900 0.000000 0.000000 0.000000 1.000000
0.989568 0.024900 0.141898 -0.185800 -0.024901 0.999688 -0.001773 13.251400 -0.141898 -0.001779 0.989880 -1.022900 0.000000 0.000000 0.000000 1.000000
0.991696 0.003967 0.128540 -0.185800 -0.001040 0.999739 -0.022830 13.251400 -0.128597 0.022507 0.991442 -1.022900 0.000000 0.000000 0.000000 1.000000
0.994898 -0.010423 0.100348 -0.185800 0.015659 0.998548 -0.051535 13.251400 -0.099666 0.052843 0.993617 -1.022900 0.000000 0.000000 0.000000 1.000000
0.998044 -0.003646 0.062410 -0.185800 0.008145 0.997373 -0.071981 13.251400 -0.061983 0.072349 0.995452 -1.022900 0.000000 0.000000 0.000000 1.000000
0.999466 0.012887 0.030043 -0.185800 -0.010517 0.996915 -0.077777 13.251400 -0.030953 0.077419 0.996518 -1.022900 0.000000 0.000000 0.000000 1.000000
0.999816 0.015689 0.011071 -0.185800 -0.014864 0.997363 -0.071032 13.251400 -0.012156 0.070855 0.997413 -1.022900 0.000000 0.000000 0.000000 1.000000
0.999950 -0.007798 -0.006306 -0.185800 0.007394 0.998069 -0.061681 13.251400 0.006775 0.061631 0.998076 -1.022900 0.000000 0.000000 0.000000 1.000000
0.998090 -0.051048 -0.034781 -0.185800 0.048838 0.996900 -0.061688 13.251400 0.037822 0.059872 0.997489 -1.022900 0.000000 0.000000 0.000000 1.000000
0.993106 -0.094888 -0.068825 -0.185800 0.090232 0.993605 -0.067878 13.251400 0.074825 0.061200 0.995317 -1.022900 0.000000 0.000000 0.000000 1.000000
0.987943 -0.123063 -0.093932 -0.185800 0.116629 0.990622 -0.071178 13.251400 0.101811 0.059365 0.993031 -1.022900 0.000000 0.000000 0.000000 1.000000
0.986237 -0.127973 -0.104684 -0.185800 0.120296 0.989774 -0.076653 13.251400 0.113423 0.063006 0.991547 -1.022900 0.000000 0.000000 0.000000 1.000000
0.988199 -0.112883 -0.103536 -0.185800 0.103243 0.990188 -0.094178 13.251400 0.113151 0.082377 0.990157 -1.022900 0.000000 0.000000 0.000000 1.000000
0.991336 -0.096437 -0.089181 -0.185800 0.085562 0.989245 -0.118631 13.251400 0.099663 0.109973 0.988925 -1.022900 0.000000 0.000000 0.000000 1.000000
0.993507 -0.096162 -0.060801 -0.185800 0.087411 0.987244 -0.133077 13.251400 0.072823 0.126898 0.989239 -1.022900 0.000000 0.000000 0.000000 1.000000
0.993832 -0.106269 -0.031688 -0.185800 0.101299 0.986262 -0.130486 13.251400 0.045119 0.126471 0.990944 -1.022900 0.000000 0.000000 0.000000 1.000000
0.993786 -0.110073 -0.016532 -0.185800 0.107433 0.987400 -0.116184 13.251400 0.029112 0.113686 0.993090 -1.022900 0.000000 0.000000 0.000000 1.000000
0.994735 -0.101675 -0.012828 -0.185800 0.100097 0.990797 -0.091114 13.251400 0.021973 0.089350 0.995758 -1.022900 0.000000 0.000000 0.000000 1.000000</float_array>
        <technique_common>
          <accessor source="#Spine2-Matrix-animation-output-transform-array" count="22" stride="16">
            <param type="float4x4"/>
          </accessor>
        </technique_common>
      </source>
      <source id="Spine2-Interpolations">
        <Name_array id="Spine2-Interpolations-array" count="22">
 LINEAR LINEAR LINEAR LINEAR LINEAR LINEAR LINEAR LINEAR LINEAR LINEAR LINEAR
LINEAR LINEAR LINEAR LINEAR LINEAR LINEAR LINEAR LINEAR LINEAR LINEAR LINEAR</Name_array>
        <technique_common>
          <accessor source="#Spine2-Interpolations-array" count="22">
            <param type="name"/>
          </accessor>
        </technique_common>
      </source>
      <sampler id="Spine2-Matrix-animation-transform">
        <input semantic="INPUT" source="#Spine2-Matrix-animation-input"/>
        <input semantic="OUTPUT" source="#Spine2-Matrix-animation-output-transform"/>
        <input semantic="INTERPOLATION" source="#Spine2-Interpolations"/>
      </sampler>
      <channel source="#Spine2-Matrix-animation-transform" target="Spine2/matrix"/>
    </animation>
    <animation id="Neck-anim" name="Neck">
      <source id="Neck-Matrix-animation-input">
        <float_array id="Neck-Matrix-animation-input-array" count="22">

0.000000 0.033333 0.066667 0.100000 0.133333 0.166667 0.200000 0.233333 0.266667 0.300000 0.333333 0.366667 0.400000 0.433333 0.466667 0.500000
0.533333 0.566667 0.600000 0.633333 0.666667 0.700000</float_array>
        <technique_common>
          <accessor source="#Neck-Matrix-animation-input-array" count="22">
            <param name="TIME" type="float"/>
          </accessor>
        </technique_common>
      </source>
      <source id="Neck-Matrix-animation-output-transform">
        <float_array id="Neck-Matrix-animation-output-transform-array" count="352">

0.997365 0.068509 0.023869 -0.209000 -0.071694 0.981079 0.179845 14.907900 -0.011097 -0.181082 0.983405 -5.902900 0.000000 0.000000 0.000000 1.000000
0.998514 0.054305 0.004513 -0.209000 -0.054492 0.994737 0.086770 14.907900 0.000223 -0.086887 0.996218 -5.902900 0.000000 0.000000 0.000000 1.000000
0.999221 0.035713 -0.016802 -0.209000 -0.035140 0.998829 0.033260 14.907900 0.017970 -0.032643 0.999305 -5.902900 0.000000 0.000000 0.000000 1.000000
0.999094 0.019588 -0.037789 -0.209000 -0.018761 0.999579 0.022125 14.907900 0.038206 -0.021396 0.999041 -5.902900 0.000000 0.000000 0.000000 1.000000
0.998498 0.018324 -0.051639 -0.209000 -0.017880 0.999799 0.009052 14.907900 0.051794 -0.008115 0.998625 -5.902900 0.000000 0.000000 0.000000 1.000000
0.998090 0.027048 -0.055536 -0.209000 -0.026406 0.999576 0.012256 14.907900 0.055844 -0.010766 0.998381 -5.902900 0.000000 0.000000 0.000000 1.000000
0.998170 0.036479 -0.048220 -0.209000 -0.030481 0.992337 0.119740 14.907900 0.052218 -0.118051 0.991634 -5.902900 0.000000 0.000000 0.000000 1.000000
0.998696 0.032017 -0.039773 -0.209000 -0.027040 0.992414 0.119933 14.907900 0.043311 -0.118701 0.991985 -5.902900 0.000000 0.000000 0.000000 1.000000
0.999223 0.000880 -0.039407 -0.209000 0.003696 0.993255 0.115888 14.907900 0.039243 -0.115943 0.992480 -5.902900 0.000000 0.000000 0.000000 1.000000
0.998979 -0.024130 -0.038189 -0.209000 0.027846 0.994601 0.099967 14.907900 0.035571 -0.100928 0.994258 -5.902900 0.000000 0.000000 0.000000 1.000000
0.999273 -0.020695 -0.032009 -0.209000 0.021930 0.999008 0.038750 14.907900 0.031175 -0.039424 0.998736 -5.902900 0.000000 0.000000 0.000000 1.000000
0.999713 0.011399 -0.021075 -0.209000 -0.011678 0.999845 -0.013199 14.907900 0.020922 0.013441 0.999691 -5.902900 0.000000 0.000000 0.000000 1.000000
0.999027 0.043515 -0.007144 -0.209000 -0.043818 0.997788 -0.049988 14.907900 0.004953 0.050253 0.998724 -5.902900 0.000000 0.000000 0.000000 1.000000
0.999330 0.036489 0.002754 -0.209000 -0.036254 0.997494 -0.060764 14.907900 -0.004964 0.060623 0.998148 -5.902900 0.000000 0.000000 0.000000 1.000000
0.999721 0.018508 0.014671 -0.209000 -0.017602 0.998065 -0.059634 14.907900 -0.015746 0.059359 0.998113 -5.902900 0.000000 0.000000 0.000000 1.000000
0.998593 0.040633 0.034081 -0.209000 -0.040744 0.999166 0.002555 14.907900 -0.033949 -0.003940 0.999416 -5.902900 0.000000 0.000000 0.000000 1.000000
0.997117 0.057603 0.049383 -0.209000 -0.062245 0.993210 0.098282 14.907900 -0.043386 -0.101073 0.993933 -5.902900 0.000000 0.000000 0.000000 1.000000
0.997291 0.056094 0.047573 -0.209000 -0.063632 0.982407 0.175579 14.907900 -0.036887 -0.178130 0.983315 -5.902900 0.000000 0.000000 0.000000 1.000000
0.997789 0.053464 0.039492 -0.209000 -0.061070 0.971940 0.227162 14.907900 -0.026239 -0.229071 0.973056 -5.902900 0.000000 0.000000 0.000000 1.000000
0.997562 0.059034 0.037220 -0.209000 -0.066525 0.965560 0.251531 14.907900 -0.021089 -0.253394 0.967133 -5.902900 0.000000 0.000000 0.000000 1.000000
0.997090 0.069565 0.031167 -0.209000 -0.075072 0.967081 0.243145 14.907900 -0.013226 -0.244777 0.969489 -5.902900 0.000000 0.000000 0.000000 1.000000
0.997365 0.068509 0.023869 -0.209000 -0.071694 0.981079 0.179845 14.907900 -0.011097 -0.181083 0.983405 -5.902900 0.000000 0.000000 0.000000 1.000000</float_array>
        <technique_common>
          <accessor source="#Neck-Matrix-animation-output-transform-array" count="22" stride="16">
            <param type="float4x4"/>
          </accessor>
        </technique_common>
      </source>
      <source id="Neck-Interpolations">
        <Name_array id="Neck-Interpolations-array" count="22">
 LINEAR LINEAR LINEAR LINEAR LINEAR LINEAR LINEAR LINEAR LINEAR LINEAR LINEAR
LINEAR LINEAR LINEAR LINEAR LINEAR LINEAR LINEAR LINEAR LINEAR LINEAR LINEAR</Name_array>
        <technique_common>
          <accessor source="#Neck-Interpolations-array" count="22">
            <param type="name"/>
          </accessor>
        </technique_common>
      </source>
      <sampler id="Neck-Matrix-animation-transform">
        <input semantic="INPUT" source="#Neck-Matrix-animation-input"/>
        <input semantic="OUTPUT" source="#Neck-Matrix-animation-output-transform"/>
        <input semantic="INTERPOLATION" source="#Neck-Interpolations"/>
      </sampler>
      <channel source="#Neck-Matrix-animation-transform" target="Neck/matrix"/>
    </animation>
    <animation id="Head-anim" name="Head">
      <source id="Head-Matrix-animation-input">
        <float_array id="Head-Matrix-animation-input-array" count="22">

0.000000 0.033333 0.066667 0.100000 0.133333 0.166667 0.200000 0.233333 0.266667 0.300000 0.333333 0.366667 0.400000 0.433333 0.466667 0.500000
0.533333 0.566667 0.600000 0.633333 0.666667 0.700000</float_array>
        <technique_common>
          <accessor source="#Head-Matrix-animation-input-array" count="22">
            <param name="TIME" type="float"/>
          </accessor>
        </technique_common>
      </source>
      <source id="Head-Matrix-animation-output-transform">
        <float_array id="Head-Matrix-animation-output-transform-array" count="352">

0.997838 -0.031672 0.057589 0.000000 0.009211 0.934967 0.354614 10.914200 -0.065075 -0.353317 0.933237 1.211700 0.000000 0.000000 0.000000 1.000000
0.999557 -0.029335 0.005041 0.000000 0.024522 0.907591 0.419139 10.914200 -0.016871 -0.418830 0.907908 1.211700 0.000000 0.000000 0.000000 1.000000
0.996180 -0.028959 -0.082388 0.000000 0.061976 0.899098 0.433337 10.914200 0.061525 -0.436788 0.897458 1.211700 0.000000 0.000000 0.000000 1.000000
0.983218 -0.021658 -0.181145 -0.000000 0.095181 0.907979 0.408062 10.914200 0.155638 -0.418456 0.894803 1.211700 0.000000 0.000000 0.000000 1.000000
0.965190 -0.005831 -0.261484 0.000000 0.113855 0.909423 0.399984 10.914200 0.235467 -0.415832 0.878430 1.211700 0.000000 0.000000 0.000000 1.000000
0.954996 0.016918 -0.296137 0.000000 0.110613 0.906044 0.408472 10.914200 0.275223 -0.422845 0.863397 1.211700 0.000000 0.000000 0.000000 1.000000
0.958934 0.036414 -0.281283 0.000000 0.066849 0.934770 0.348907 10.914200 0.275640 -0.353382 0.893948 1.211700 0.000000 0.000000 0.000000 1.000000
0.970005 0.039761 -0.239812 0.000000 0.056083 0.923311 0.379936 10.914200 0.236528 -0.381989 0.893386 1.211700 0.000000 0.000000 0.000000 1.000000
0.980912 0.046537 -0.188802 -0.000000 0.032553 0.917939 0.395384 10.914200 0.191709 -0.393983 0.898902 1.211700 0.000000 0.000000 0.000000 1.000000
0.985204 0.050756 -0.163695 0.000000 0.018334 0.918446 0.395120 10.914200 0.170400 -0.392276 0.903927 1.211700 0.000000 0.000000 0.000000 1.000000
0.986905 0.046921 -0.154325 -0.000000 0.022402 0.907612 0.419212 10.914200 0.159737 -0.417180 0.894676 1.211700 0.000000 0.000000 0.000000 1.000000
0.991559 0.042797 -0.122390 0.000000 0.015836 0.896912 0.441925 10.914200 0.128686 -0.440133 0.888664 1.211700 0.000000 0.000000 0.000000 1.000000
0.997719 0.056051 -0.037620 -0.000000 -0.031508 0.879526 0.474806 10.914200 0.059701 -0.472538 0.879286 1.211700 0.000000 0.000000 0.000000 1.000000
0.991942 0.086577 0.092500 0.000000 -0.121381 0.858655 0.497974 10.914200 -0.036313 -0.505189 0.862245 1.211700 0.000000 0.000000 0.000000 1.000000
0.975164 0.094381 0.200369 0.000000 -0.185158 0.843824 0.503664 10.914200 -0.121539 -0.528255 0.840342 1.211700 0.000000 0.000000 0.000000 1.000000
0.971967 0.052785 0.229117 0.000000 -0.157700 0.869131 0.468766 10.914200 -0.174388 -0.491756 0.853091 1.211700 0.000000 0.000000 0.000000 1.000000
0.978071 0.010153 0.208024 0.000000 -0.098023 0.903713 0.416767 10.914200 -0.183763 -0.428019 0.884890 1.211700 0.000000 0.000000 0.000000 1.000000
0.985963 -0.014243 0.166356 0.000000 -0.050847 0.923414 0.380422 10.914200 -0.159034 -0.383541 0.909728 1.211700 0.000000 0.000000 0.000000 1.000000
0.992720 -0.025702 0.117673 -0.000000 -0.018113 0.934000 0.356812 10.914200 -0.119077 -0.356346 0.926735 1.211700 0.000000 0.000000 0.000000 1.000000
0.996450 -0.031704 0.077984 -0.000000 0.003046 0.939340 0.342974 10.914200 -0.084127 -0.341519 0.936102 1.211700 0.000000 0.000000 0.000000 1.000000
0.997309 -0.039526 0.061746 0.000000 0.016148 0.939965 0.340889 10.914200 -0.071513 -0.338975 0.938074 1.211700 0.000000 0.000000 0.000000 1.000000
0.997838 -0.031672 0.057589 0.000000 0.009211 0.934967 0.354614 10.914200 -0.065075 -0.353317 0.933238 1.211700 0.000000 0.000000 0.000000 1.000000</float_array>
        <technique_common>
          <accessor source="#Head-Matrix-animation-output-transform-array" count="22" stride="16">
            <param type="float4x4"/>
          </accessor>
        </technique_common>
      </source>
      <source id="Head-Interpolations">
        <Name_array id="Head-Interpolations-array" count="22">
 LINEAR LINEAR LINEAR LINEAR LINEAR LINEAR LINEAR LINEAR LINEAR LINEAR LINEAR
LINEAR LINEAR LINEAR LINEAR LINEAR LINEAR LINEAR LINEAR LINEAR LINEAR LINEAR</Name_array>
        <technique_common>
          <accessor source="#Head-Interpolations-array" count="22">
            <param type="name"/>
          </accessor>
        </technique_common>
      </source>
      <sampler id="Head-Matrix-animation-transform">
        <input semantic="INPUT" source="#Head-Matrix-animation-input"/>
        <input semantic="OUTPUT" source="#Head-Matrix-animation-output-transform"/>
        <input semantic="INTERPOLATION" source="#Head-Interpolations"/>
      </sampler>
      <channel source="#Head-Matrix-animation-transform" target="Head/matrix"/>
    </animation>
    <animation id="LeftShoulder-anim" name="LeftShoulder">
      <source id="LeftShoulder-Matrix-animation-input">
        <float_array id="LeftShoulder-Matrix-animation-input-array" count="22">

0.000000 0.033333 0.066667 0.100000 0.133333 0.166667 0.200000 0.233333 0.266667 0.300000 0.333333 0.366667 0.400000 0.433333 0.466667 0.500000
0.533333 0.566667 0.600000 0.633333 0.666667 0.700000</float_array>
        <technique_common>
          <accessor source="#LeftShoulder-Matrix-animation-input-array" count="22">
            <param name="TIME" type="float"/>
          </accessor>
        </technique_common>
      </source>
      <source id="LeftShoulder-Matrix-animation-output-transform">
        <float_array id="LeftShoulder-Matrix-animation-output-transform-array" count="352">

0.954222 0.245243 -0.171222 8.340200 -0.243547 0.969388 0.031171 12.030500 0.173625 0.011957 0.984739 -5.891700 0.000000 0.000000 0.000000 1.000000
0.974459 0.194369 -0.112470 8.340200 -0.191799 0.980868 0.033342 12.030500 0.116799 -0.010919 0.993096 -5.891700 0.000000 0.000000 0.000000 1.000000
0.985730 0.145299 -0.084995 8.340200 -0.142836 0.989148 0.034410 12.030500 0.089073 -0.021779 0.995787 -5.891700 0.000000 0.000000 0.000000 1.000000
0.985956 0.132143 -0.102126 8.340200 -0.129241 0.991011 0.034555 12.030500 0.105774 -0.020870 0.994171 -5.891700 0.000000 0.000000 0.000000 1.000000
0.982218 0.157555 -0.102102 8.340200 -0.154961 0.987372 0.032911 12.030500 0.105999 -0.016504 0.994229 -5.891700 0.000000 0.000000 0.000000 1.000000
0.980057 0.175206 -0.093764 8.340200 -0.172980 0.984424 0.031428 12.030500 0.097810 -0.014582 0.995098 -5.891700 0.000000 0.000000 0.000000 1.000000
0.978211 0.172933 -0.114882 8.340200 -0.170424 0.984871 0.031387 12.030500 0.118571 -0.011125 0.992883 -5.891700 0.000000 0.000000 0.000000 1.000000
0.967667 0.223985 -0.115984 8.340200 -0.222108 0.974590 0.029030 12.030500 0.119539 -0.002330 0.992827 -5.891700 0.000000 0.000000 0.000000 1.000000
0.956027 0.270545 -0.113216 8.340200 -0.269283 0.962694 0.026591 12.030500 0.116186 0.005065 0.993215 -5.891700 0.000000 0.000000 0.000000 1.000000
0.925811 0.343442 -0.157868 8.340200 -0.343443 0.938752 0.028150 12.030500 0.157867 0.028157 0.987059 -5.891700 0.000000 0.000000 0.000000 1.000000
0.900627 0.384085 -0.203346 8.340200 -0.385702 0.922024 0.033252 12.030500 0.200261 0.048484 0.978542 -5.891700 0.000000 0.000000 0.000000 1.000000
0.848441 0.447685 -0.282357 8.340200 -0.453599 0.889913 0.047985 12.030500 0.272755 0.087364 0.958109 -5.891700 0.000000 0.000000 0.000000 1.000000
0.838717 0.445635 -0.312991 8.340200 -0.452893 0.889958 0.053508 12.030500 0.302394 0.096873 0.948248 -5.891700 0.000000 0.000000 0.000000 1.000000
0.869117 0.397197 -0.294738 8.340200 -0.402120 0.914405 0.046515 12.030500 0.287986 0.078094 0.954445 -5.891700 0.000000 0.000000 0.000000 1.000000
0.895066 0.354225 -0.270889 8.340200 -0.357159 0.933180 0.040146 12.030500 0.267009 0.060817 0.961773 -5.891700 0.000000 0.000000 0.000000 1.000000
0.911379 0.327720 -0.248973 8.340200 -0.329487 0.943482 0.035788 12.030500 0.246630 0.049417 0.967849 -5.891700 0.000000 0.000000 0.000000 1.000000
0.903246 0.348695 -0.250118 8.340200 -0.351060 0.935637 0.036617 12.030500 0.246788 0.054732 0.967523 -5.891700 0.000000 0.000000 0.000000 1.000000
0.894624 0.361342 -0.262831 8.340200 -0.364399 0.930433 0.038827 12.030500 0.258577 0.061040 0.964060 -5.891700 0.000000 0.000000 0.000000 1.000000
0.906019 0.321694 -0.275032 8.340200 -0.324123 0.945256 0.037895 12.030500 0.272166 0.054810 0.960688 -5.891700 0.000000 0.000000 0.000000 1.000000
0.918400 0.290799 -0.268286 8.340200 -0.292414 0.955656 0.034853 12.030500 0.266525 0.046441 0.962708 -5.891700 0.000000 0.000000 0.000000 1.000000
0.929981 0.297180 -0.216377 8.340200 -0.298203 0.954071 0.028689 12.030500 0.214965 0.037844 0.975888 -5.891700 0.000000 0.000000 0.000000 1.000000
0.954222 0.245243 -0.171222 8.340200 -0.243547 0.969388 0.031171 12.030500 0.173625 0.011957 0.984739 -5.891700 0.000000 0.000000 0.000000 1.000000</float_array>
        <technique_common>
          <accessor source="#LeftShoulder-Matrix-animation-output-transform-array" count="22" stride="16">
            <param type="float4x4"/>
          </accessor>
        </technique_common>
      </source>
      <source id="LeftShoulder-Interpolations">
        <Name_array id="LeftShoulder-Interpolations-array" count="22">
 LINEAR LINEAR LINEAR LINEAR LINEAR LINEAR LINEAR LINEAR LINEAR LINEAR LINEAR
LINEAR LINEAR LINEAR LINEAR LINEAR LINEAR LINEAR LINEAR LINEAR LINEAR LINEAR</Name_array>
        <technique_common>
          <accessor source="#LeftShoulder-Interpolations-array" count="22">
            <param type="name"/>
          </accessor>
        </technique_common>
      </source>
      <sampler id="LeftShoulder-Matrix-animation-transform">
        <input semantic="INPUT" source="#LeftShoulder-Matrix-animation-input"/>
        <input semantic="OUTPUT" source="#LeftShoulder-Matrix-animation-output-transform"/>
        <input semantic="INTERPOLATION" source="#LeftShoulder-Interpolations"/>
      </sampler>
      <channel source="#LeftShoulder-Matrix-animation-transform" target="LeftShoulder/matrix"/>
    </animation>
    <animation id="LeftArm-anim" name="LeftArm">
      <source id="LeftArm-Matrix-animation-input">
        <float_array id="LeftArm-Matrix-animation-input-array" count="22">

0.000000 0.033333 0.066667 0.100000 0.133333 0.166667 0.200000 0.233333 0.266667 0.300000 0.333333 0.366667 0.400000 0.433333 0.466667 0.500000
0.533333 0.566667 0.600000 0.633333 0.666667 0.700000</float_array>
        <technique_common>
          <accessor source="#LeftArm-Matrix-animation-input-array" count="22">
            <param name="TIME" type="float"/>
          </accessor>
        </technique_common>
      </source>
      <source id="LeftArm-Matrix-animation-output-transform">
        <float_array id="LeftArm-Matrix-animation-output-transform-array" count="352">

0.371680 0.892973 0.253878 8.617500 -0.763965 0.449577 -0.462859 -0.644300 -0.527458 -0.021918 0.849298 0.022600 0.000000 0.000000 0.000000 1.000000
0.419178 0.886384 0.196502 8.617500 -0.706850 0.454446 -0.542072 -0.644300 -0.569783 0.088327 0.817034 0.022600 0.000000 0.000000 0.000000 1.000000
0.491184 0.849202 0.193891 8.617500 -0.606175 0.493095 -0.624027 -0.644300 -0.625531 0.188980 0.756966 0.022600 0.000000 0.000000 0.000000 1.000000
0.557121 0.785475 0.269527 8.617500 -0.474872 0.567596 -0.672556 -0.644300 -0.681258 0.246704 0.689220 0.022600 0.000000 0.000000 0.000000 1.000000
0.623688 0.703849 0.340014 8.617500 -0.377630 0.652163 -0.657327 -0.644300 -0.684404 0.281568 0.672541 0.022600 0.000000 0.000000 0.000000 1.000000
0.656999 0.675918 0.333898 8.617500 -0.401924 0.688747 -0.603395 -0.644300 -0.637816 0.262228 0.724174 0.022600 0.000000 0.000000 0.000000 1.000000
0.630140 0.712231 0.309275 8.617500 -0.498276 0.676384 -0.542426 -0.644300 -0.595521 0.187700 0.781104 0.022600 0.000000 0.000000 0.000000 1.000000
0.655026 0.707833 0.264410 8.617500 -0.567114 0.691784 -0.447008 -0.644300 -0.499322 0.142851 0.854559 0.022600 0.000000 0.000000 0.000000 1.000000
0.697057 0.698772 0.160716 8.617500 -0.630933 0.704251 -0.325507 -0.644300 -0.340640 0.125496 0.931781 0.022600 0.000000 0.000000 0.000000 1.000000
0.747379 0.662059 0.055703 8.617500 -0.645082 0.743164 -0.177697 -0.644300 -0.159043 0.096874 0.982507 0.022600 0.000000 0.000000 0.000000 1.000000
0.741330 0.666077 -0.082285 8.617500 -0.670049 0.741530 -0.034174 -0.644300 0.038254 0.080469 0.996023 0.022600 0.000000 0.000000 0.000000 1.000000
0.737804 0.661430 -0.134738 8.617500 -0.654607 0.749810 0.096302 -0.644300 0.164725 0.017149 0.986190 0.022600 0.000000 0.000000 0.000000 1.000000
0.693149 0.704178 -0.153874 8.617500 -0.675475 0.709096 0.202279 -0.644300 0.251552 -0.036272 0.967164 0.022600 0.000000 0.000000 0.000000 1.000000
0.651998 0.744028 -0.146017 8.617500 -0.706280 0.666016 0.239982 -0.644300 0.275803 -0.053339 0.959733 0.022600 0.000000 0.000000 0.000000 1.000000
0.649745 0.751134 -0.116747 8.617500 -0.713525 0.655616 0.247083 -0.644300 0.262134 -0.077239 0.961936 0.022600 0.000000 0.000000 0.000000 1.000000
0.660934 0.743926 -0.098699 8.617500 -0.694049 0.655976 0.296634 -0.644300 0.285417 -0.127554 0.949877 0.022600 0.000000 0.000000 0.000000 1.000000
0.709937 0.696736 -0.102707 8.617500 -0.625048 0.690543 0.363958 -0.644300 0.324506 -0.194191 0.925735 0.022600 0.000000 0.000000 0.000000 1.000000
0.726224 0.681606 -0.089508 8.617500 -0.612358 0.700556 0.366387 -0.644300 0.312437 -0.211268 0.926147 0.022600 0.000000 0.000000 0.000000 1.000000
