<?xml version="1.0" encoding="utf-8"?>
<COLLADA xmlns="http://www.collada.org/2005/11/COLLADASchema" version="1.4.1">
  <asset>
    <contributor>
      <author>Mixamo</author>
      <authoring_tool>COLLADA Mixamo exporter</authoring_tool>
      <comments/>
    </contributor>
    <created>2022-02-28T10:25:10Z</created>
    <modified>2022-02-28T10:25:10Z</modified>
    <revision/>
    <title/>
    <unit meter="0.010000"/>
    <up_axis>Y_UP</up_axis>
  </asset>
  <library_animations>
    <animation id="mixamorig_Hips-anim" name="mixamorig_Hips">
      <source id="mixamorig_Hips-Matrix-animation-input">
        <float_array id="mixamorig_Hips-Matrix-animation-input-array" count="60">

0.000000 0.033333 0.066667 0.100000 0.133333 0.166667 0.200000 0.233333 0.266667 0.300000 0.333333 0.366667 0.400000 0.433333 0.466667 0.500000
0.533333 0.566667 0.600000 0.633333 0.666667 0.700000 0.733333 0.766667 0.800000 0.833333 0.866667 0.900000 0.933333 0.966667 1.000000 1.033333
1.066667 1.100000 1.133333 1.166667 1.200000 1.233333 1.266667 1.300000 1.333333 1.366667 1.400000 1.433333 1.466667 1.500000 1.533333 1.566667
1.600000 1.633333 1.666667 1.700000 1.733333 1.766667 1.800000 1.833333 1.866667 1.900000 1.933333 1.966667</float_array>
        <technique_common>
          <accessor source="#mixamorig_Hips-Matrix-animation-input-array" count="60">
            <param name="TIME" type="float"/>
          </accessor>
        </technique_common>
      </source>
      <source id="mixamorig_Hips-Matrix-animation-output-transform">
        <float_array id="mixamorig_Hips-Matrix-animation-output-transform-array" count="960">

0.730788 0.052212 -0.680605 0.116065 0.001076 0.996981 0.077638 89.782776 0.682604 -0.057469 0.728525 -0.794515 0.000000 0.000000 0.000000 1.000000
0.730486 0.052455 -0.680910 0.127423 0.001081 0.996956 0.077961 89.791763 0.682927 -0.057685 0.728206 -0.804353 0.000000 0.000000 0.000000 1.000000
0.730272 0.052663 -0.681124 0.140056 0.001086 0.996934 0.078244 89.801155 0.683156 -0.057879 0.727975 -0.810115 0.000000 0.000000 0.000000 1.000000
0.730271 0.053004 -0.681099 0.152112 0.000934 0.996907 0.078582 89.811630 0.683157 -0.058023 0.727962 -0.808973 0.000000 0.000000 0.000000 1.000000
0.730551 0.053374 -0.680769 0.161322 0.000731 0.996879 0.078942 89.823387 0.682858 -0.058169 0.728232 -0.798281 0.000000 0.000000 0.000000 1.000000
0.731050 0.053764 -0.680202 0.166176 0.000576 0.996842 0.079411 89.836006 0.682323 -0.058446 0.728710 -0.777308 0.000000 0.000000 0.000000 1.000000
0.731616 0.054167 -0.679561 0.167052 0.000540 0.996792 0.080034 89.849899 0.681716 -0.058921 0.729240 -0.747319 0.000000 0.000000 0.000000 1.000000
0.732086 0.054579 -0.679022 0.165535 0.000578 0.996735 0.080740 89.867386 0.681212 -0.059501 0.729664 -0.710288 0.000000 0.000000 0.000000 1.000000
0.732361 0.054885 -0.678701 0.163323 0.000656 0.996689 0.081308 89.890572 0.680916 -0.059992 0.729900 -0.667445 0.000000 0.000000 0.000000 1.000000
0.732424 0.055065 -0.678618 0.162462 0.000719 0.996661 0.081648 89.918297 0.680848 -0.060289 0.729939 -0.619519 0.000000 0.000000 0.000000 1.000000
0.732302 0.055196 -0.678739 0.165685 0.000763 0.996643 0.081872 89.945740 0.680980 -0.060473 0.729801 -0.568089 0.000000 0.000000 0.000000 1.000000
0.732081 0.055411 -0.678960 0.175144 0.000810 0.996615 0.082209 89.967278 0.681217 -0.060734 0.729558 -0.515954 0.000000 0.000000 0.000000 1.000000
0.731951 0.055742 -0.679073 0.189518 0.000905 0.996568 0.082778 89.980644 0.681356 -0.061204 0.729389 -0.465611 0.000000 0.000000 0.000000 1.000000
0.732134 0.056134 -0.678844 0.203422 0.001047 0.996505 0.083530 89.989388 0.681160 -0.061866 0.729516 -0.417618 0.000000 0.000000 0.000000 1.000000
0.732666 0.056591 -0.678231 0.211146 0.001122 0.996435 0.084354 90.001053 0.680587 -0.062564 0.729991 -0.371324 0.000000 0.000000 0.000000 1.000000
0.733264 0.057032 -0.677548 0.211884 0.001080 0.996377 0.085039 90.021683 0.679943 -0.063088 0.730546 -0.326950 0.000000 0.000000 0.000000 1.000000
0.733532 0.057402 -0.677227 0.209719 0.000911 0.996343 0.085437 90.051483 0.679655 -0.063288 0.730797 -0.285977 0.000000 0.000000 0.000000 1.000000
0.733307 0.057653 -0.677448 0.209132 0.000689 0.996335 0.085537 90.085045 0.679897 -0.063192 0.730580 -0.249224 0.000000 0.000000 0.000000 1.000000
0.732804 0.057830 -0.677978 0.211156 0.000482 0.996338 0.085506 90.115555 0.680440 -0.062986 0.730092 -0.215303 0.000000 0.000000 0.000000 1.000000
0.732386 0.057996 -0.678415 0.213855 0.000334 0.996335 0.085535 90.138901 0.680890 -0.062871 0.729682 -0.181006 0.000000 0.000000 0.000000 1.000000
0.732270 0.058105 -0.678531 0.215005 0.000293 0.996326 0.085636 90.155113 0.681014 -0.062907 0.729563 -0.143332 0.000000 0.000000 0.000000 1.000000
0.732427 0.058209 -0.678353 0.213511 0.000307 0.996310 0.085823 90.167580 0.680846 -0.063067 0.729707 -0.100986 0.000000 0.000000 0.000000 1.000000
0.732705 0.058288 -0.678046 0.209768 0.000354 0.996293 0.086028 90.179634 0.680547 -0.063273 0.729967 -0.055147 0.000000 0.000000 0.000000 1.000000
0.732960 0.058280 -0.677771 0.204854 0.000459 0.996281 0.086165 90.192650 0.680272 -0.063467 0.730207 -0.008932 0.000000 0.000000 0.000000 1.000000
0.733085 0.058217 -0.677640 0.199924 0.000579 0.996276 0.086218 90.205086 0.680136 -0.063598 0.730322 0.033424 0.000000 0.000000 0.000000 1.000000
0.733036 0.058101 -0.677704 0.195812 0.000688 0.996281 0.086158 90.214920 0.680189 -0.063623 0.730270 0.067532 0.000000 0.000000 0.000000 1.000000
0.732822 0.057989 -0.677944 0.192281 0.000726 0.996295 0.086004 90.221741 0.680420 -0.063518 0.730065 0.090451 0.000000 0.000000 0.000000 1.000000
0.732561 0.057842 -0.678239 0.188353 0.000712 0.996318 0.085738 90.226700 0.680701 -0.063291 0.729823 0.102049 0.000000 0.000000 0.000000 1.000000
0.732358 0.057694 -0.678471 0.183454 0.000643 0.996345 0.085418 90.229996 0.680919 -0.062993 0.729644 0.104148 0.000000 0.000000 0.000000 1.000000
0.732227 0.057606 -0.678620 0.178296 0.000518 0.996369 0.085137 90.229034 0.681061 -0.062691 0.729538 0.098313 0.000000 0.000000 0.000000 1.000000
0.732146 0.057516 -0.678715 0.174476 0.000435 0.996389 0.084905 90.219437 0.681148 -0.062458 0.729477 0.084854 0.000000 0.000000 0.000000 1.000000
0.732147 0.057467 -0.678718 0.172548 0.000399 0.996398 0.084794 90.199547 0.681146 -0.062352 0.729488 0.063974 0.000000 0.000000 0.000000 1.000000
0.732310 0.057494 -0.678540 0.171235 0.000368 0.996396 0.084823 90.173370 0.680972 -0.062367 0.729649 0.036798 0.000000 0.000000 0.000000 1.000000
0.732618 0.057567 -0.678202 0.168339 0.000305 0.996389 0.084905 90.149353 0.680640 -0.062410 0.729955 0.005354 0.000000 0.000000 0.000000 1.000000
0.732922 0.057654 -0.677865 0.162541 0.000187 0.996386 0.084946 90.134987 0.680313 -0.062386 0.730262 -0.028284 0.000000 0.000000 0.000000 1.000000
0.733014 0.057515 -0.677778 0.155284 0.000131 0.996407 0.084695 90.131363 0.680214 -0.062171 0.730372 -0.063396 0.000000 0.000000 0.000000 1.000000
0.732798 0.057209 -0.678037 0.149619 0.000130 0.996448 0.084215 90.131393 0.680446 -0.061800 0.730188 -0.100794 0.000000 0.000000 0.000000 1.000000
0.732406 0.056894 -0.678487 0.147611 0.000152 0.996489 0.083723 90.124466 0.680869 -0.061422 0.729825 -0.141164 0.000000 0.000000 0.000000 1.000000
0.732121 0.056674 -0.678812 0.147850 0.000190 0.996516 0.083404 90.104179 0.681174 -0.061190 0.729560 -0.182975 0.000000 0.000000 0.000000 1.000000
0.732141 0.056541 -0.678802 0.146810 0.000242 0.996527 0.083267 90.073074 0.681153 -0.061128 0.729585 -0.222738 0.000000 0.000000 0.000000 1.000000
0.732392 0.056429 -0.678541 0.142213 0.000304 0.996533 0.083202 90.040245 0.680883 -0.061143 0.729836 -0.257778 0.000000 0.000000 0.000000 1.000000
0.732600 0.056265 -0.678330 0.134334 0.000398 0.996542 0.083090 90.014679 0.680659 -0.061142 0.730044 -0.288457 0.000000 0.000000 0.000000 1.000000
0.732532 0.055995 -0.678426 0.125030 0.000525 0.996564 0.082820 89.998970 0.680732 -0.061025 0.729986 -0.317981 0.000000 0.000000 0.000000 1.000000
0.732165 0.055680 -0.678847 0.116051 0.000655 0.996595 0.082449 89.988937 0.681127 -0.060811 0.729636 -0.350466 0.000000 0.000000 0.000000 1.000000
0.731664 0.055377 -0.679412 0.108708 0.000774 0.996627 0.082066 89.977737 0.681665 -0.060571 0.729153 -0.388943 0.000000 0.000000 0.000000 1.000000
0.731244 0.055139 -0.679884 0.103524 0.000838 0.996654 0.081731 89.960899 0.682116 -0.060335 0.728751 -0.434042 0.000000 0.000000 0.000000 1.000000
0.731031 0.054941 -0.680129 0.099945 0.000849 0.996679 0.081423 89.938644 0.682344 -0.060100 0.728557 -0.483866 0.000000 0.000000 0.000000 1.000000
0.731035 0.054726 -0.680142 0.096768 0.000840 0.996706 0.081100 89.914810 0.682339 -0.059858 0.728581 -0.535042 0.000000 0.000000 0.000000 1.000000
0.731191 0.054485 -0.679994 0.093329 0.000834 0.996733 0.080761 89.893768 0.682173 -0.059618 0.728757 -0.584192 0.000000 0.000000 0.000000 1.000000
0.731400 0.054216 -0.679790 0.090661 0.000854 0.996761 0.080415 89.877335 0.681948 -0.059396 0.728985 -0.628643 0.000000 0.000000 0.000000 1.000000
0.731542 0.053885 -0.679664 0.090812 0.000942 0.996791 0.080041 89.863937 0.681796 -0.059194 0.729143 -0.666221 0.000000 0.000000 0.000000 1.000000
0.731515 0.053523 -0.679721 0.094658 0.001076 0.996822 0.079651 89.850677 0.681824 -0.058997 0.729133 -0.695461 0.000000 0.000000 0.000000 1.000000
0.731304 0.053298 -0.679966 0.100932 0.001129 0.996846 0.079351 89.836143 0.682050 -0.058797 0.728938 -0.716335 0.000000 0.000000 0.000000 1.000000
0.730988 0.053174 -0.680315 0.107258 0.001126 0.996864 0.079126 89.821526 0.682389 -0.058606 0.728636 -0.730837 0.000000 0.000000 0.000000 1.000000
0.730698 0.053065 -0.680635 0.111795 0.001123 0.996880 0.078926 89.808655 0.682700 -0.058435 0.728359 -0.742070 0.000000 0.000000 0.000000 1.000000
0.730539 0.052944 -0.680815 0.113818 0.001120 0.996896 0.078726 89.798813 0.682870 -0.058275 0.728212 -0.752707 0.000000 0.000000 0.000000 1.000000
0.730552 0.052771 -0.680815 0.113942 0.001120 0.996916 0.078474 89.792007 0.682857 -0.058092 0.728239 -0.764016 0.000000 0.000000 0.000000 1.000000
0.730674 0.052538 -0.680702 0.113706 0.001119 0.996941 0.078146 89.787552 0.682725 -0.057861 0.728381 -0.776141 0.000000 0.000000 0.000000 1.000000
0.730768 0.052280 -0.680621 0.114969 0.001119 0.996970 0.077781 89.784286 0.682625 -0.057601 0.728495 -0.788504 0.000000 0.000000 0.000000 1.000000
0.730768 0.052157 -0.680630 0.116134 0.001118 0.996984 0.077600 89.782799 0.682625 -0.057468 0.728506 -0.794538 0.000000 0.000000 0.000000 1.000000</float_array>
        <technique_common>
          <accessor source="#mixamorig_Hips-Matrix-animation-output-transform-array" count="60" stride="16">
            <param type="float4x4"/>
          </accessor>
        </technique_common>
      </source>
      <source id="mixamorig_Hips-Interpolations">
        <Name_array id="mixamorig_Hips-Interpolations-array" count="60">
 LINEAR LINEAR LINEAR LINEAR LINEAR LINEAR LINEAR LINEAR LINEAR LINEAR LINEAR
LINEAR LINEAR LINEAR LINEAR LINEAR LINEAR LINEAR LINEAR LINEAR LINEAR LINEAR LINEAR
LINEAR LINEAR LINEAR LINEAR LINEAR LINEAR LINEAR LINEAR LINEAR LINEAR LINEAR LINEAR
LINEAR LINEAR LINEAR LINEAR LINEAR LINEAR LINEAR LINEAR LINEAR LINEAR LINEAR LINEAR
LINEAR LINEAR LINEAR LINEAR LINEAR LINEAR LINEAR LINEAR LINEAR LINEAR LINEAR LINEAR
LINEAR</Name_array>
        <technique_common>
          <accessor source="#mixamorig_Hips-Interpolations-array" count="60">
            <param type="name"/>
          </accessor>
        </technique_common>
      </source>
      <sampler id="mixamorig_Hips-Matrix-animation-transform">
        <input semantic="INPUT" source="#mixamorig_Hips-Matrix-animation-input"/>
        <input semantic="OUTPUT" source="#mixamorig_Hips-Matrix-animation-output-transform"/>
        <input semantic="INTERPOLATION" source="#mixamorig_Hips-Interpolations"/>
      </sampler>
      <channel source="#mixamorig_Hips-Matrix-animation-transform" target="mixamorig_Hips/matrix"/>
    </animation>
    <animation id="mixamorig_Spine-anim" name="mixamorig_Spine">
      <source id="mixamorig_Spine-Matrix-animation-input">
        <float_array id="mixamorig_Spine-Matrix-animation-input-array" count="60">

0.000000 0.033333 0.066667 0.100000 0.133333 0.166667 0.200000 0.233333 0.266667 0.300000 0.333333 0.366667 0.400000 0.433333 0.466667 0.500000
0.533333 0.566667 0.600000 0.633333 0.666667 0.700000 0.733333 0.766667 0.800000 0.833333 0.866667 0.900000 0.933333 0.966667 1.000000 1.033333
1.066667 1.100000 1.133333 1.166667 1.200000 1.233333 1.266667 1.300000 1.333333 1.366667 1.400000 1.433333 1.466667 1.500000 1.533333 1.566667
1.600000 1.633333 1.666667 1.700000 1.733333 1.766667 1.800000 1.833333 1.866667 1.900000 1.933333 1.966667</float_array>
        <technique_common>
          <accessor source="#mixamorig_Spine-Matrix-animation-input-array" count="60">
            <param name="TIME" type="float"/>
          </accessor>
        </technique_common>
      </source>
      <source id="mixamorig_Spine-Matrix-animation-output-transform">
        <float_array id="mixamorig_Spine-Matrix-animation-output-transform-array" count="960">

0.996707 0.006012 0.080862 0.000000 -0.012151 0.997061 0.075638 7.463500 -0.080169 -0.076372 0.993851 -1.336300 0.000000 0.000000 0.000000 1.000000
0.996707 0.006006 0.080865 0.000000 -0.012149 0.997057 0.075690 7.463500 -0.080173 -0.076423 0.993847 -1.336300 0.000000 0.000000 0.000000 1.000000
0.996707 0.005982 0.080869 -0.000000 -0.012134 0.997049 0.075798 7.463500 -0.080176 -0.076530 0.993838 -1.336300 0.000000 0.000000 0.000000 1.000000
0.996711 0.005929 0.080817 0.000000 -0.012090 0.997037 0.075966 7.463500 -0.080127 -0.076693 0.993830 -1.336300 0.000000 0.000000 0.000000 1.000000
0.996722 0.005849 0.080690 0.000000 -0.012019 0.997020 0.076195 7.463500 -0.080004 -0.076915 0.993823 -1.336300 0.000000 0.000000 0.000000 1.000000
0.996745 0.005718 0.080416 0.000000 -0.011889 0.997000 0.076479 7.463500 -0.079737 -0.077186 0.993823 -1.336300 0.000000 0.000000 0.000000 1.000000
0.996768 0.005590 0.080134 0.000000 -0.011765 0.996977 0.076800 7.463500 -0.079462 -0.077494 0.993821 -1.336300 0.000000 0.000000 0.000000 1.000000
0.996782 0.005474 0.079968 0.000000 -0.011666 0.996950 0.077168 7.463500 -0.079302 -0.077853 0.993806 -1.336300 0.000000 0.000000 0.000000 1.000000
0.996786 0.005366 0.079927 -0.000000 -0.011589 0.996918 0.077594 7.463500 -0.079265 -0.078271 0.993776 -1.336300 0.000000 0.000000 0.000000 1.000000
0.996783 0.005264 0.079979 0.000000 -0.011530 0.996880 0.078088 7.463500 -0.079318 -0.078759 0.993733 -1.336300 0.000000 0.000000 0.000000 1.000000
0.996775 0.005160 0.080077 0.000000 -0.011475 0.996840 0.078606 7.463500 -0.079418 -0.079272 0.993684 -1.336300 0.000000 0.000000 0.000000 1.000000
0.996767 0.005046 0.080184 -0.000000 -0.011409 0.996802 0.079093 7.463500 -0.079529 -0.079752 0.993637 -1.336300 0.000000 0.000000 0.000000 1.000000
0.996763 0.004916 0.080243 -0.000000 -0.011319 0.996768 0.079529 7.463500 -0.079592 -0.080180 0.993598 -1.336300 0.000000 0.000000 0.000000 1.000000
0.996769 0.004771 0.080185 -0.000000 -0.011201 0.996737 0.079935 7.463500 -0.079542 -0.080575 0.993570 -1.336300 0.000000 0.000000 0.000000 1.000000
0.996784 0.004613 0.080002 0.000000 -0.011062 0.996705 0.080352 7.463500 -0.079367 -0.080978 0.993551 -1.336300 0.000000 0.000000 0.000000 1.000000
0.996799 0.004452 0.079823 0.000000 -0.010923 0.996670 0.080807 7.463500 -0.079197 -0.081420 0.993528 -1.336300 0.000000 0.000000 0.000000 1.000000
0.996805 0.004293 0.079761 -0.000000 -0.010797 0.996632 0.081294 7.463500 -0.079144 -0.081895 0.993494 -1.336300 0.000000 0.000000 0.000000 1.000000
0.996800 0.004157 0.079829 -0.000000 -0.010706 0.996593 0.081779 7.463500 -0.079217 -0.082372 0.993448 -1.336300 0.000000 0.000000 0.000000 1.000000
0.996791 0.004045 0.079941 0.000000 -0.010639 0.996556 0.082233 7.463500 -0.079333 -0.082819 0.993402 -1.336300 0.000000 0.000000 0.000000 1.000000
0.996787 0.003941 0.080007 0.000000 -0.010572 0.996525 0.082625 7.463500 -0.079403 -0.083205 0.993364 -1.336300 0.000000 0.000000 0.000000 1.000000
0.996788 0.003845 0.079990 -0.000000 -0.010502 0.996496 0.082979 7.463500 -0.079391 -0.083553 0.993336 -1.336300 0.000000 0.000000 0.000000 1.000000
0.996794 0.003765 0.079922 0.000000 -0.010444 0.996469 0.083314 7.463500 -0.079326 -0.083882 0.993313 -1.336300 0.000000 0.000000 0.000000 1.000000
0.996799 0.003700 0.079861 -0.000000 -0.010400 0.996442 0.083643 7.463500 -0.079268 -0.084206 0.993291 -1.336300 0.000000 0.000000 0.000000 1.000000
0.996801 0.003649 0.079840 0.000000 -0.010371 0.996416 0.083946 7.463500 -0.079248 -0.084506 0.993267 -1.336300 0.000000 0.000000 0.000000 1.000000
0.996800 0.003610 0.079850 0.000000 -0.010353 0.996395 0.084196 7.463500 -0.079258 -0.084754 0.993245 -1.336300 0.000000 0.000000 0.000000 1.000000
0.996797 0.003592 0.079887 0.000000 -0.010351 0.996381 0.084365 7.463500 -0.079295 -0.084922 0.993227 -1.336300 0.000000 0.000000 0.000000 1.000000
0.996793 0.003608 0.079937 0.000000 -0.010376 0.996377 0.084416 7.463500 -0.079343 -0.084975 0.993219 -1.336300 0.000000 0.000000 0.000000 1.000000
0.996789 0.003664 0.079987 -0.000000 -0.010430 0.996384 0.084327 7.463500 -0.079389 -0.084890 0.993223 -1.336300 0.000000 0.000000 0.000000 1.000000
0.996785 0.003746 0.080035 -0.000000 -0.010499 0.996400 0.084123 7.463500 -0.079431 -0.084692 0.993236 -1.336300 0.000000 0.000000 0.000000 1.000000
0.996781 0.003836 0.080085 0.000000 -0.010572 0.996421 0.083866 7.463500 -0.079477 -0.084443 0.993254 -1.336300 0.000000 0.000000 0.000000 1.000000
0.996777 0.003920 0.080130 0.000000 -0.010639 0.996444 0.083586 7.463500 -0.079518 -0.084169 0.993274 -1.336300 0.000000 0.000000 0.000000 1.000000
0.996776 0.003998 0.080141 0.000000 -0.010690 0.996471 0.083248 7.463500 -0.079525 -0.083837 0.993301 -1.336300 0.000000 0.000000 0.000000 1.000000
0.996778 0.004071 0.080104 0.000000 -0.010727 0.996506 0.082830 7.463500 -0.079487 -0.083423 0.993339 -1.336300 0.000000 0.000000 0.000000 1.000000
0.996783 0.004143 0.080046 -0.000000 -0.010759 0.996542 0.082395 7.463500 -0.079428 -0.082991 0.993380 -1.336300 0.000000 0.000000 0.000000 1.000000
0.996785 0.004220 0.080016 0.000000 -0.010802 0.996574 0.082000 7.463500 -0.079395 -0.082601 0.993415 -1.336300 0.000000 0.000000 0.000000 1.000000
0.996782 0.004309 0.080050 -0.000000 -0.010866 0.996601 0.081661 7.463500 -0.079426 -0.082268 0.993440 -1.336300 0.000000 0.000000 0.000000 1.000000
0.996774 0.004408 0.080135 0.000000 -0.010947 0.996626 0.081344 7.463500 -0.079506 -0.081958 0.993459 -1.336300 0.000000 0.000000 0.000000 1.000000
0.996768 0.004510 0.080212 0.000000 -0.011029 0.996652 0.081012 7.463500 -0.079578 -0.081635 0.993480 -1.336300 0.000000 0.000000 0.000000 1.000000
0.996766 0.004592 0.080232 0.000000 -0.011082 0.996682 0.080633 7.463500 -0.079596 -0.081262 0.993509 -1.336300 0.000000 0.000000 0.000000 1.000000
0.996768 0.004639 0.080194 0.000000 -0.011094 0.996714 0.080236 7.463500 -0.079558 -0.080866 0.993545 -1.336300 0.000000 0.000000 0.000000 1.000000
0.996772 0.004700 0.080141 0.000000 -0.011122 0.996743 0.079872 7.463500 -0.079505 -0.080506 0.993578 -1.336300 0.000000 0.000000 0.000000 1.000000
0.996773 0.004784 0.080129 0.000000 -0.011181 0.996767 0.079570 7.463500 -0.079490 -0.080209 0.993604 -1.336300 0.000000 0.000000 0.000000 1.000000
0.996768 0.004884 0.080184 0.000000 -0.011264 0.996786 0.079309 7.463500 -0.079539 -0.079956 0.993620 -1.336300 0.000000 0.000000 0.000000 1.000000
0.996759 0.004992 0.080292 -0.000000 -0.011360 0.996806 0.079048 7.463500 -0.079641 -0.079704 0.993632 -1.336300 0.000000 0.000000 0.000000 1.000000
0.996747 0.005109 0.080429 -0.000000 -0.011464 0.996828 0.078755 7.463500 -0.079771 -0.079421 0.993644 -1.336300 0.000000 0.000000 0.000000 1.000000
0.996736 0.005219 0.080559 -0.000000 -0.011559 0.996852 0.078441 7.463500 -0.079896 -0.079117 0.993658 -1.336300 0.000000 0.000000 0.000000 1.000000
0.996729 0.005317 0.080646 -0.000000 -0.011638 0.996876 0.078115 7.463500 -0.079978 -0.078798 0.993677 -1.336300 0.000000 0.000000 0.000000 1.000000
0.996725 0.005409 0.080689 0.000000 -0.011708 0.996901 0.077793 7.463500 -0.080018 -0.078483 0.993699 -1.336300 0.000000 0.000000 0.000000 1.000000
0.996723 0.005493 0.080704 0.000000 -0.011768 0.996924 0.077481 7.463500 -0.080030 -0.078177 0.993722 -1.336300 0.000000 0.000000 0.000000 1.000000
0.996722 0.005569 0.080711 0.000000 -0.011821 0.996946 0.077188 7.463500 -0.080034 -0.077889 0.993744 -1.336300 0.000000 0.000000 0.000000 1.000000
0.996721 0.005637 0.080717 -0.000000 -0.011867 0.996967 0.076915 7.463500 -0.080039 -0.077620 0.993765 -1.336300 0.000000 0.000000 0.000000 1.000000
0.996719 0.005695 0.080736 0.000000 -0.011906 0.996986 0.076664 7.463500 -0.080056 -0.077373 0.993783 -1.336300 0.000000 0.000000 0.000000 1.000000
0.996715 0.005730 0.080781 -0.000000 -0.011927 0.997003 0.076443 7.463500 -0.080101 -0.077156 0.993796 -1.336300 0.000000 0.000000 0.000000 1.000000
0.996711 0.005744 0.080834 0.000000 -0.011931 0.997017 0.076254 7.463500 -0.080154 -0.076968 0.993806 -1.336300 0.000000 0.000000 0.000000 1.000000
0.996708 0.005759 0.080872 0.000000 -0.011935 0.997030 0.076088 7.463500 -0.080193 -0.076802 0.993816 -1.336300 0.000000 0.000000 0.000000 1.000000
0.996707 0.005797 0.080883 0.000000 -0.011962 0.997041 0.075936 7.463500 -0.080204 -0.076653 0.993827 -1.336300 0.000000 0.000000 0.000000 1.000000
0.996707 0.005842 0.080880 -0.000000 -0.011996 0.997050 0.075809 7.463500 -0.080199 -0.076530 0.993837 -1.336300 0.000000 0.000000 0.000000 1.000000
0.996707 0.005879 0.080877 0.000000 -0.012025 0.997057 0.075709 7.463500 -0.080194 -0.076432 0.993845 -1.336300 0.000000 0.000000 0.000000 1.000000
0.996707 0.005901 0.080877 0.000000 -0.012039 0.997064 0.075617 7.463500 -0.080193 -0.076342 0.993852 -1.336300 0.000000 0.000000 0.000000 1.000000
0.996707 0.005910 0.080877 0.000000 -0.012045 0.997067 0.075579 7.463500 -0.080193 -0.076305 0.993854 -1.336300 0.000000 0.000000 0.000000 1.000000</float_array>
        <technique_common>
          <accessor source="#mixamorig_Spine-Matrix-animation-output-transform-array" count="60" stride="16">
            <param type="float4x4"/>
          </accessor>
        </technique_common>
      </source>
      <source id="mixamorig_Spine-Interpolations">
        <Name_array id="mixamorig_Spine-Interpolations-array" count="60">
 LINEAR LINEAR LINEAR LINEAR LINEAR LINEAR LINEAR LINEAR LINEAR LINEAR LINEAR
LINEAR LINEAR LINEAR LINEAR LINEAR LINEAR LINEAR LINEAR LINEAR LINEAR LINEAR LINEAR
LINEAR LINEAR LINEAR LINEAR LINEAR LINEAR LINEAR LINEAR LINEAR LINEAR LINEAR LINEAR
LINEAR LINEAR LINEAR LINEAR LINEAR LINEAR LINEAR LINEAR LINEAR LINEAR LINEAR LINEAR
LINEAR LINEAR LINEAR LINEAR LINEAR LINEAR LINEAR LINEAR LINEAR LINEAR LINEAR LINEAR
LINEAR</Name_array>
        <technique_common>
          <accessor source="#mixamorig_Spine-Interpolations-array" count="60">
            <param type="name"/>
          </accessor>
        </technique_common>
      </source>
      <sampler id="mixamorig_Spine-Matrix-animation-transform">
        <input semantic="INPUT" source="#mixamorig_Spine-Matrix-animation-input"/>
        <input semantic="OUTPUT" source="#mixamorig_Spine-Matrix-animation-output-transform"/>
        <input semantic="INTERPOLATION" source="#mixamorig_Spine-Interpolations"/>
      </sampler>
      <channel source="#mixamorig_Spine-Matrix-animation-transform" target="mixamorig_Spine/matrix"/>
    </animation>
    <animation id="mixamorig_Spine1-anim" name="mixamorig_Spine1">
      <source id="mixamorig_Spine1-Matrix-animation-input">
        <float_array id="mixamorig_Spine1-Matrix-animation-input-array" count="60">

0.000000 0.033333 0.066667 0.100000 0.133333 0.166667 0.200000 0.233333 0.266667 0.300000 0.333333 0.366667 0.400000 0.433333 0.466667 0.500000
0.533333 0.566667 0.600000 0.633333 0.666667 0.700000 0.733333 0.766667 0.800000 0.833333 0.866667 0.900000 0.933333 0.966667 1.000000 1.033333
1.066667 1.100000 1.133333 1.166667 1.200000 1.233333 1.266667 1.300000 1.333333 1.366667 1.400000 1.433333 1.466667 1.500000 1.533333 1.566667
1.600000 1.633333 1.666667 1.700000 1.733333 1.766667 1.800000 1.833333 1.866667 1.900000 1.933333 1.966667</float_array>
        <technique_common>
          <accessor source="#mixamorig_Spine1-Matrix-animation-input-array" count="60">
            <param name="TIME" type="float"/>
          </accessor>
        </technique_common>
      </source>
      <source id="mixamorig_Spine1-Matrix-animation-output-transform">
        <float_array id="mixamorig_Spine1-Matrix-animation-output-transform-array" count="960">

0.986184 0.024606 0.163816 0.000000 0.008812 0.979714 -0.200209 8.845900 -0.165419 0.198886 0.965961 0.000000 0.000000 0.000000 0.000000 1.000000
0.986184 0.024576 0.163819 0.000000 0.008825 0.979734 -0.200107 8.845900 -0.165417 0.198788 0.965982 0.000000 0.000000 0.000000 0.000000 1.000000
0.986185 0.024505 0.163824 -0.000000 0.008860 0.979778 -0.199892 8.845900 -0.165410 0.198581 0.966025 0.000000 0.000000 0.000000 0.000000 1.000000
0.986204 0.024378 0.163730 -0.000000 0.008911 0.979845 -0.199561 8.845900 -0.165295 0.198267 0.966110 0.000000 0.000000 0.000000 0.000000 1.000000
0.986247 0.024192 0.163496 -0.000000 0.008971 0.979936 -0.199112 8.845900 -0.165032 0.197840 0.966242 0.000000 0.000000 0.000000 0.000000 1.000000
0.986341 0.023886 0.162978 0.000000 0.009075 0.980047 -0.198558 8.845900 -0.164468 0.197325 0.966443 0.000000 0.000000 0.000000 0.000000 1.000000
0.986435 0.023577 0.162448 0.000000 0.009168 0.980173 -0.197931 8.845900 -0.163894 0.196736 0.966661 0.000000 0.000000 0.000000 0.000000 1.000000
0.986492 0.023296 0.162145 -0.000000 0.009263 0.980318 -0.197207 8.845900 -0.163548 0.196045 0.966860 0.000000 0.000000 0.000000 0.000000 1.000000
0.986508 0.023035 0.162086 -0.000000 0.009369 0.980486 -0.196366 8.845900 -0.163446 0.195235 0.967041 -0.000000 0.000000 0.000000 0.000000 1.000000
0.986494 0.022786 0.162205 -0.000000 0.009475 0.980680 -0.195389 8.845900 -0.163524 0.194287 0.967219 -0.000000 0.000000 0.000000 0.000000 1.000000
0.986465 0.022537 0.162415 0.000000 0.009591 0.980883 -0.194360 8.845900 -0.163691 0.193287 0.967391 0.000000 0.000000 0.000000 0.000000 1.000000
0.986433 0.022275 0.162645 0.000000 0.009733 0.981073 -0.193393 8.845900 -0.163874 0.192352 0.967546 0.000000 0.000000 0.000000 0.000000 1.000000
0.986418 0.021979 0.162779 0.000000 0.009907 0.981242 -0.192526 8.845900 -0.163957 0.191524 0.967697 -0.000000 0.000000 0.000000 0.000000 1.000000
0.986440 0.021645 0.162691 0.000000 0.010086 0.981398 -0.191720 8.845900 -0.163814 0.190761 0.967871 -0.000000 0.000000 0.000000 0.000000 1.000000
0.986502 0.021275 0.162361 0.000000 0.010250 0.981556 -0.190898 8.845900 -0.163428 0.189986 0.968089 0.000000 0.000000 0.000000 0.000000 1.000000
0.986563 0.020898 0.162037 -0.000000 0.010411 0.981729 -0.189999 8.845900 -0.163047 0.189133 0.968320 -0.000000 0.000000 0.000000 0.000000 1.000000
0.986587 0.020533 0.161939 -0.000000 0.010592 0.981913 -0.189035 8.845900 -0.162892 0.188214 0.968525 0.000000 0.000000 0.000000 0.000000 1.000000
0.986569 0.020227 0.162087 0.000000 0.010763 0.982097 -0.188069 8.845900 -0.162989 0.187287 0.968689 0.000000 0.000000 0.000000 0.000000 1.000000
0.986537 0.019973 0.162316 0.000000 0.010908 0.982268 -0.187166 8.845900 -0.163176 0.186416 0.968825 0.000000 0.000000 0.000000 0.000000 1.000000
0.986519 0.019738 0.162455 -0.000000 0.011037 0.982415 -0.186385 8.845900 -0.163277 0.185666 0.968952 0.000000 0.000000 0.000000 0.000000 1.000000
0.986527 0.019512 0.162434 0.000000 0.011140 0.982547 -0.185683 8.845900 -0.163222 0.184991 0.969091 0.000000 0.000000 0.000000 0.000000 1.000000
0.986550 0.019320 0.162314 0.000000 0.011198 0.982671 -0.185022 8.845900 -0.163076 0.184351 0.969237 0.000000 0.000000 0.000000 0.000000 1.000000
0.986570 0.019160 0.162209 0.000000 0.011228 0.982792 -0.184375 8.845900 -0.162950 0.183720 0.969378 0.000000 0.000000 0.000000 0.000000 1.000000
0.986578 0.019030 0.162180 0.000000 0.011252 0.982904 -0.183776 8.845900 -0.162905 0.183134 0.969497 0.000000 0.000000 0.000000 0.000000 1.000000
0.986575 0.018931 0.162209 0.000000 0.011272 0.982996 -0.183281 8.845900 -0.162920 0.182649 0.969586 0.000000 0.000000 0.000000 0.000000 1.000000
0.986563 0.018883 0.162285 0.000000 0.011279 0.983058 -0.182947 8.845900 -0.162990 0.182319 0.969636 -0.000000 0.000000 0.000000 0.000000 1.000000
0.986547 0.018915 0.162378 0.000000 0.011246 0.983077 -0.182846 8.845900 -0.163089 0.182213 0.969639 0.000000 0.000000 0.000000 0.000000 1.000000
0.986530 0.019043 0.162466 0.000000 0.011166 0.983045 -0.183025 8.845900 -0.163196 0.182374 0.969591 -0.000000 0.000000 0.000000 0.000000 1.000000
0.986514 0.019230 0.162546 -0.000000 0.011062 0.982970 -0.183431 8.845900 -0.163305 0.182755 0.969501 0.000000 0.000000 0.000000 0.000000 1.000000
0.986495 0.019443 0.162632 0.000000 0.010952 0.982877 -0.183939 8.845900 -0.163423 0.183236 0.969390 -0.000000 0.000000 0.000000 0.000000 1.000000
0.986478 0.019648 0.162709 -0.000000 0.010856 0.982774 -0.184495 8.845900 -0.163531 0.183766 0.969272 -0.000000 0.000000 0.000000 0.000000 1.000000
0.986473 0.019841 0.162720 -0.000000 0.010779 0.982648 -0.185164 8.845900 -0.163570 0.184413 0.969142 0.000000 0.000000 0.000000 0.000000 1.000000
0.986482 0.020026 0.162641 0.000000 0.010719 0.982493 -0.185993 8.845900 -0.163518 0.185222 0.968997 -0.000000 0.000000 0.000000 0.000000 1.000000
0.986498 0.020209 0.162520 -0.000000 0.010659 0.982330 -0.186855 8.845900 -0.163424 0.186065 0.968851 0.000000 0.000000 0.000000 0.000000 1.000000
0.986506 0.020400 0.162451 0.000000 0.010588 0.982181 -0.187638 8.845900 -0.163384 0.186826 0.968711 0.000000 0.000000 0.000000 0.000000 1.000000
0.986493 0.020609 0.162503 0.000000 0.010503 0.982054 -0.188308 8.845900 -0.163468 0.187472 0.968572 -0.000000 0.000000 0.000000 0.000000 1.000000
0.986464 0.020839 0.162651 -0.000000 0.010409 0.981934 -0.188936 8.845900 -0.163650 0.188071 0.968426 0.000000 0.000000 0.000000 0.000000 1.000000
0.986437 0.021075 0.162782 -0.000000 0.010311 0.981809 -0.189591 8.845900 -0.163816 0.188698 0.968275 0.000000 0.000000 0.000000 0.000000 1.000000
0.986429 0.021273 0.162806 -0.000000 0.010244 0.981665 -0.190339 8.845900 -0.163870 0.189424 0.968125 0.000000 0.000000 0.000000 0.000000 1.000000
0.986439 0.021403 0.162724 0.000000 0.010232 0.981513 -0.191124 8.845900 -0.163807 0.190197 0.967984 -0.000000 0.000000 0.000000 0.000000 1.000000
0.986454 0.021559 0.162615 0.000000 0.010177 0.981373 -0.191844 8.845900 -0.163722 0.190901 0.967860 -0.000000 0.000000 0.000000 0.000000 1.000000
0.986455 0.021754 0.162585 0.000000 0.010079 0.981256 -0.192444 8.845900 -0.163724 0.191476 0.967746 0.000000 0.000000 0.000000 0.000000 1.000000
0.986434 0.021979 0.162681 0.000000 0.009961 0.981156 -0.192960 8.845900 -0.163856 0.191962 0.967627 0.000000 0.000000 0.000000 0.000000 1.000000
0.986397 0.022224 0.162874 0.000000 0.009843 0.981056 -0.193476 8.845900 -0.164088 0.192447 0.967491 0.000000 0.000000 0.000000 0.000000 1.000000
0.986350 0.022490 0.163121 -0.000000 0.009725 0.980943 -0.194052 8.845900 -0.164377 0.192990 0.967334 0.000000 0.000000 0.000000 0.000000 1.000000
0.986305 0.022743 0.163358 0.000000 0.009626 0.980821 -0.194671 8.845900 -0.164653 0.193577 0.967170 -0.000000 0.000000 0.000000 0.000000 1.000000
0.986274 0.022973 0.163511 -0.000000 0.009538 0.980694 -0.195315 8.845900 -0.164841 0.194193 0.967014 0.000000 0.000000 0.000000 0.000000 1.000000
0.986257 0.023187 0.163583 0.000000 0.009448 0.980568 -0.195951 8.845900 -0.164948 0.194803 0.966873 0.000000 0.000000 0.000000 0.000000 1.000000
0.986249 0.023382 0.163602 0.000000 0.009362 0.980446 -0.196566 8.845900 -0.164999 0.195395 0.966745 0.000000 0.000000 0.000000 0.000000 1.000000
0.986245 0.023559 0.163602 -0.000000 0.009286 0.980330 -0.197146 8.845900 -0.165029 0.195954 0.966627 0.000000 0.000000 0.000000 0.000000 1.000000
0.986241 0.023715 0.163604 -0.000000 0.009223 0.980222 -0.197686 8.845900 -0.165056 0.196475 0.966517 0.000000 0.000000 0.000000 0.000000 1.000000
0.986234 0.023849 0.163628 -0.000000 0.009179 0.980123 -0.198180 8.845900 -0.165101 0.196954 0.966411 0.000000 0.000000 0.000000 0.000000 1.000000
0.986218 0.023943 0.163707 0.000000 0.009176 0.980035 -0.198612 8.845900 -0.165194 0.197377 0.966309 0.000000 0.000000 0.000000 0.000000 1.000000
0.986201 0.023996 0.163803 -0.000000 0.009205 0.979960 -0.198981 8.845900 -0.165295 0.197743 0.966217 0.000000 0.000000 0.000000 0.000000 1.000000
0.986188 0.024048 0.163873 0.000000 0.009224 0.979894 -0.199307 8.845900 -0.165371 0.198066 0.966138 -0.000000 0.000000 0.000000 0.000000 1.000000
0.986184 0.024142 0.163887 0.000000 0.009185 0.979833 -0.199607 8.845900 -0.165401 0.198354 0.966074 -0.000000 0.000000 0.000000 0.000000 1.000000
0.986183 0.024243 0.163874 0.000000 0.009125 0.979782 -0.199859 8.845900 -0.165406 0.198593 0.966024 0.000000 0.000000 0.000000 0.000000 1.000000
0.986183 0.024330 0.163862 0.000000 0.009071 0.979742 -0.200058 8.845900 -0.165410 0.198780 0.965984 -0.000000 0.000000 0.000000 0.000000 1.000000
0.986183 0.024383 0.163857 0.000000 0.009048 0.979705 -0.200239 8.845900 -0.165414 0.198955 0.965948 -0.000000 0.000000 0.000000 0.000000 1.000000
0.986182 0.024405 0.163855 -0.000000 0.009038 0.979690 -0.200315 8.845900 -0.165416 0.199028 0.965932 0.000000 0.000000 0.000000 0.000000 1.000000</float_array>
        <technique_common>
          <accessor source="#mixamorig_Spine1-Matrix-animation-output-transform-array" count="60" stride="16">
            <param type="float4x4"/>
          </accessor>
        </technique_common>
      </source>
      <source id="mixamorig_Spine1-Interpolations">
        <Name_array id="mixamorig_Spine1-Interpolations-array" count="60">
 LINEAR LINEAR LINEAR LINEAR LINEAR LINEAR LINEAR LINEAR LINEAR LINEAR LINEAR
LINEAR LINEAR LINEAR LINEAR LINEAR LINEAR LINEAR LINEAR LINEAR LINEAR LINEAR LINEAR
LINEAR LINEAR LINEAR LINEAR LINEAR LINEAR LINEAR LINEAR LINEAR LINEAR LINEAR LINEAR
LINEAR LINEAR LINEAR LINEAR LINEAR LINEAR LINEAR LINEAR LINEAR LINEAR LINEAR LINEAR
LINEAR LINEAR LINEAR LINEAR LINEAR LINEAR LINEAR LINEAR LINEAR LINEAR LINEAR LINEAR
LINEAR</Name_array>
        <technique_common>
          <accessor source="#mixamorig_Spine1-Interpolations-array" count="60">
            <param type="name"/>
          </accessor>
        </technique_common>
      </source>
      <sampler id="mixamorig_Spine1-Matrix-animation-transform">
        <input semantic="INPUT" source="#mixamorig_Spine1-Matrix-animation-input"/>
        <input semantic="OUTPUT" source="#mixamorig_Spine1-Matrix-animation-output-transform"/>
        <input semantic="INTERPOLATION" source="#mixamorig_Spine1-Interpolations"/>
      </sampler>
      <channel source="#mixamorig_Spine1-Matrix-animation-transform" target="mixamorig_Spine1/matrix"/>
    </animation>
    <animation id="mixamorig_Spine2-anim" name="mixamorig_Spine2">
      <source id="mixamorig_Spine2-Matrix-animation-input">
        <float_array id="mixamorig_Spine2-Matrix-animation-input-array" count="60">

0.000000 0.033333 0.066667 0.100000 0.133333 0.166667 0.200000 0.233333 0.266667 0.300000 0.333333 0.366667 0.400000 0.433333 0.466667 0.500000
0.533333 0.566667 0.600000 0.633333 0.666667 0.700000 0.733333 0.766667 0.800000 0.833333 0.866667 0.900000 0.933333 0.966667 1.000000 1.033333
1.066667 1.100000 1.133333 1.166667 1.200000 1.233333 1.266667 1.300000 1.333333 1.366667 1.400000 1.433333 1.466667 1.500000 1.533333 1.566667
1.600000 1.633333 1.666667 1.700000 1.733333 1.766667 1.800000 1.833333 1.866667 1.900000 1.933333 1.966667</float_array>
        <technique_common>
          <accessor source="#mixamorig_Spine2-Matrix-animation-input-array" count="60">
            <param name="TIME" type="float"/>
          </accessor>
        </technique_common>
      </source>
      <source id="mixamorig_Spine2-Matrix-animation-output-transform">
        <float_array id="mixamorig_Spine2-Matrix-animation-output-transform-array" count="960">

0.986184 0.024606 0.163816 0.000000 0.008812 0.979714 -0.200208 10.109600 -0.165419 0.198886 0.965961 0.000000 0.000000 0.000000 0.000000 1.000000
0.986184 0.024576 0.163818 0.000000 0.008825 0.979734 -0.200107 10.109600 -0.165416 0.198788 0.965982 0.000000 0.000000 0.000000 0.000000 1.000000
0.986185 0.024505 0.163824 0.000000 0.008860 0.979778 -0.199891 10.109600 -0.165410 0.198581 0.966025 -0.000000 0.000000 0.000000 0.000000 1.000000
0.986204 0.024378 0.163730 -0.000000 0.008911 0.979845 -0.199561 10.109600 -0.165295 0.198267 0.966110 0.000000 0.000000 0.000000 0.000000 1.000000
0.986247 0.024192 0.163496 0.000000 0.008971 0.979936 -0.199112 10.109600 -0.165032 0.197840 0.966242 0.000000 0.000000 0.000000 0.000000 1.000000
0.986341 0.023886 0.162978 0.000000 0.009075 0.980047 -0.198558 10.109600 -0.164469 0.197325 0.966443 0.000000 0.000000 0.000000 0.000000 1.000000
0.986435 0.023577 0.162448 0.000000 0.009168 0.980173 -0.197931 10.109600 -0.163893 0.196736 0.966661 0.000000 0.000000 0.000000 0.000000 1.000000
0.986492 0.023296 0.162145 0.000000 0.009263 0.980318 -0.197207 10.109600 -0.163548 0.196045 0.966860 0.000000 0.000000 0.000000 0.000000 1.000000
0.986508 0.023035 0.162086 0.000000 0.009369 0.980486 -0.196366 10.109600 -0.163446 0.195235 0.967041 0.000000 0.000000 0.000000 0.000000 1.000000
0.986494 0.022786 0.162206 -0.000000 0.009475 0.980680 -0.195388 10.109600 -0.163524 0.194286 0.967219 0.000000 0.000000 0.000000 0.000000 1.000000
0.986465 0.022537 0.162415 0.000000 0.009591 0.980883 -0.194360 10.109600 -0.163691 0.193287 0.967391 0.000000 0.000000 0.000000 0.000000 1.000000
0.986433 0.022275 0.162645 0.000000 0.009733 0.981073 -0.193393 10.109600 -0.163874 0.192352 0.967546 0.000000 0.000000 0.000000 0.000000 1.000000
0.986418 0.021979 0.162779 0.000000 0.009907 0.981242 -0.192526 10.109600 -0.163957 0.191524 0.967697 0.000000 0.000000 0.000000 0.000000 1.000000
0.986440 0.021645 0.162691 -0.000000 0.010086 0.981398 -0.191720 10.109600 -0.163815 0.190761 0.967871 0.000000 0.000000 0.000000 0.000000 1.000000
0.986502 0.021275 0.162361 0.000000 0.010250 0.981556 -0.190898 10.109600 -0.163428 0.189986 0.968089 0.000000 0.000000 0.000000 0.000000 1.000000
0.986563 0.020898 0.162037 -0.000000 0.010411 0.981729 -0.189999 10.109600 -0.163047 0.189133 0.968320 0.000000 0.000000 0.000000 0.000000 1.000000
0.986587 0.020533 0.161940 0.000000 0.010592 0.981913 -0.189035 10.109600 -0.162892 0.188214 0.968525 0.000000 0.000000 0.000000 0.000000 1.000000
0.986569 0.020227 0.162087 0.000000 0.010763 0.982097 -0.188069 10.109600 -0.162989 0.187287 0.968689 0.000000 0.000000 0.000000 0.000000 1.000000
0.986537 0.019973 0.162316 0.000000 0.010908 0.982268 -0.187166 10.109600 -0.163177 0.186416 0.968825 0.000000 0.000000 0.000000 0.000000 1.000000
0.986519 0.019738 0.162455 0.000000 0.011037 0.982415 -0.186385 10.109600 -0.163277 0.185666 0.968952 -0.000000 0.000000 0.000000 0.000000 1.000000
0.986527 0.019512 0.162434 0.000000 0.011140 0.982547 -0.185683 10.109600 -0.163222 0.184991 0.969091 -0.000000 0.000000 0.000000 0.000000 1.000000
0.986550 0.019319 0.162314 0.000000 0.011198 0.982671 -0.185022 10.109600 -0.163076 0.184351 0.969237 0.000000 0.000000 0.000000 0.000000 1.000000
0.986570 0.019160 0.162209 0.000000 0.011228 0.982792 -0.184375 10.109600 -0.162950 0.183720 0.969378 0.000000 0.000000 0.000000 0.000000 1.000000
0.986578 0.019030 0.162180 0.000000 0.011252 0.982904 -0.183776 10.109600 -0.162905 0.183134 0.969497 0.000000 0.000000 0.000000 0.000000 1.000000
0.986575 0.018931 0.162209 0.000000 0.011272 0.982996 -0.183281 10.109600 -0.162920 0.182648 0.969586 0.000000 0.000000 0.000000 0.000000 1.000000
0.986563 0.018882 0.162285 0.000000 0.011279 0.983058 -0.182947 10.109600 -0.162990 0.182319 0.969636 -0.000000 0.000000 0.000000 0.000000 1.000000
