<?xml version="1.0" encoding="utf-8"?>
<COLLADA xmlns="http://www.collada.org/2005/11/COLLADASchema" version="1.4.1">
  <asset>
    <contributor>
      <author>Mixamo</author>
      <authoring_tool>COLLADA Mixamo exporter</authoring_tool>
      <comments/>
    </contributor>
    <created>2022-05-03T02:07:40Z</created>
    <modified>2022-05-03T02:07:40Z</modified>
    <revision/>
    <title/>
    <unit meter="0.010000"/>
    <up_axis>Y_UP</up_axis>
  </asset>
  <library_animations>
    <animation id="mixamorig_Hips-anim" name="mixamorig_Hips">
      <source id="mixamorig_Hips-Matrix-animation-input">
        <float_array id="mixamorig_Hips-Matrix-animation-input-array" count="20">

0.000000 0.033333 0.066667 0.100000 0.133333 0.166667 0.200000 0.233333 0.266667 0.300000 0.333333 0.366667 0.400000 0.433333 0.466667 0.500000
0.533333 0.566667 0.600000 0.633333</float_array>
        <technique_common>
          <accessor source="#mixamorig_Hips-Matrix-animation-input-array" count="20">
            <param name="TIME" type="float"/>
          </accessor>
        </technique_common>
      </source>
      <source id="mixamorig_Hips-Matrix-animation-output-transform">
        <float_array id="mixamorig_Hips-Matrix-animation-output-transform-array" count="320">

0.999130 -0.017245 0.037971 0.034223 0.017330 0.999848 -0.001899 87.045181 -0.037933 0.002555 0.999277 0.514588 0.000000 0.000000 0.000000 1.000000
0.999264 -0.001290 0.038346 -0.631562 0.000520 0.999798 0.020102 86.398422 -0.038364 -0.020067 0.999062 2.233753 0.000000 0.000000 0.000000 1.000000
0.993957 0.005609 0.109624 -1.059908 -0.011662 0.998437 0.054654 86.882057 -0.109146 -0.055603 0.992469 4.059313 0.000000 0.000000 0.000000 1.000000
0.983899 0.012933 0.178260 -1.135971 -0.026000 0.997126 0.071164 87.786217 -0.176827 -0.074653 0.981407 4.958784 0.000000 0.000000 0.000000 1.000000
0.982928 0.025372 0.182234 -1.002383 -0.034654 0.998249 0.047930 88.706421 -0.180699 -0.053427 0.982086 5.252836 0.000000 0.000000 0.000000 1.000000
0.989128 0.035043 0.142822 -0.765431 -0.036121 0.999335 0.004964 89.469040 -0.142553 -0.010069 0.989736 5.874692 0.000000 0.000000 0.000000 1.000000
0.992952 0.048234 0.108255 -0.286445 -0.044389 0.998305 -0.037652 89.990273 -0.109887 0.032582 0.993410 5.075589 0.000000 0.000000 0.000000 1.000000
0.994211 0.064379 0.086024 0.486827 -0.059762 0.996685 -0.055209 89.879013 -0.089293 0.049748 0.994762 3.247376 0.000000 0.000000 0.000000 1.000000
0.994496 0.079222 0.068568 1.336323 -0.076628 0.996270 -0.039676 87.916862 -0.071455 0.034203 0.996857 2.164587 0.000000 0.000000 0.000000 1.000000
0.996235 0.071606 0.048872 2.099564 -0.071521 0.997433 -0.003482 85.968613 -0.048996 -0.000027 0.998799 1.334856 0.000000 0.000000 0.000000 1.000000
0.998583 0.050255 0.017478 2.795112 -0.050533 0.998597 0.015844 84.761002 -0.016657 -0.016704 0.999722 1.407102 0.000000 0.000000 0.000000 1.000000
0.999139 0.039397 -0.013001 3.255755 -0.039004 0.998813 0.029181 85.162582 0.014135 -0.028648 0.999490 2.538967 0.000000 0.000000 0.000000 1.000000
0.999292 0.029055 -0.023900 3.266909 -0.027632 0.997942 0.057862 86.389038 0.025532 -0.057161 0.998038 3.568390 0.000000 0.000000 0.000000 1.000000
0.999933 0.011584 -0.000821 2.682395 -0.011504 0.997768 0.065784 88.024078 0.001581 -0.065770 0.997834 3.844252 0.000000 0.000000 0.000000 1.000000
0.998623 -0.003156 0.052368 2.079277 0.001267 0.999349 0.036066 89.500526 -0.052447 -0.035950 0.997976 4.691890 0.000000 0.000000 0.000000 1.000000
0.994811 -0.006356 0.101543 1.535511 0.007891 0.999861 -0.014720 90.553780 -0.101436 0.015444 0.994722 3.934194 0.000000 0.000000 0.000000 1.000000
0.991590 -0.007326 0.129211 1.030614 0.013177 0.998923 -0.044485 90.799881 -0.128746 0.045814 0.990619 2.380229 0.000000 0.000000 0.000000 1.000000
0.992473 -0.019757 0.120861 0.680159 0.024762 0.998891 -0.040046 89.906158 -0.119935 0.042737 0.991861 1.578081 0.000000 0.000000 0.000000 1.000000
0.996851 -0.031173 0.072916 0.419555 0.032069 0.999424 -0.011146 88.367111 -0.072526 0.013449 0.997276 0.810255 0.000000 0.000000 0.000000 1.000000
0.999130 -0.017245 0.037971 0.034220 0.017330 0.999848 -0.001899 87.045181 -0.037933 0.002555 0.999277 0.514590 0.000000 0.000000 0.000000 1.000000</float_array>
        <technique_common>
          <accessor source="#mixamorig_Hips-Matrix-animation-output-transform-array" count="20" stride="16">
            <param type="float4x4"/>
          </accessor>
        </technique_common>
      </source>
      <source id="mixamorig_Hips-Interpolations">
        <Name_array id="mixamorig_Hips-Interpolations-array" count="20">
 LINEAR LINEAR LINEAR LINEAR LINEAR LINEAR LINEAR LINEAR LINEAR LINEAR LINEAR
LINEAR LINEAR LINEAR LINEAR LINEAR LINEAR LINEAR LINEAR LINEAR</Name_array>
        <technique_common>
          <accessor source="#mixamorig_Hips-Interpolations-array" count="20">
            <param type="name"/>
          </accessor>
        </technique_common>
      </source>
      <sampler id="mixamorig_Hips-Matrix-animation-transform">
        <input semantic="INPUT" source="#mixamorig_Hips-Matrix-animation-input"/>
        <input semantic="OUTPUT" source="#mixamorig_Hips-Matrix-animation-output-transform"/>
        <input semantic="INTERPOLATION" source="#mixamorig_Hips-Interpolations"/>
      </sampler>
      <channel source="#mixamorig_Hips-Matrix-animation-transform" target="mixamorig_Hips/matrix"/>
    </animation>
    <animation id="mixamorig_Spine-anim" name="mixamorig_Spine">
      <source id="mixamorig_Spine-Matrix-animation-input">
        <float_array id="mixamorig_Spine-Matrix-animation-input-array" count="20">

0.000000 0.033333 0.066667 0.100000 0.133333 0.166667 0.200000 0.233333 0.266667 0.300000 0.333333 0.366667 0.400000 0.433333 0.466667 0.500000
0.533333 0.566667 0.600000 0.633333</float_array>
        <technique_common>
          <accessor source="#mixamorig_Spine-Matrix-animation-input-array" count="20">
            <param name="TIME" type="float"/>
          </accessor>
        </technique_common>
      </source>
      <source id="mixamorig_Spine-Matrix-animation-output-transform">
        <float_array id="mixamorig_Spine-Matrix-animation-output-transform-array" count="320">

0.999392 -0.005625 0.034398 0.000000 0.008930 0.995272 -0.096716 7.463500 -0.033692 0.096964 0.994717 -1.336300 0.000000 0.000000 0.000000 1.000000
0.999937 -0.010106 -0.004963 0.000000 0.009634 0.996135 -0.087307 7.463500 0.005826 0.087253 0.996169 -1.336300 0.000000 0.000000 0.000000 1.000000
0.996297 -0.012173 -0.085117 0.000000 0.004763 0.996221 -0.086724 7.463500 0.085851 0.085997 0.992590 -1.336300 0.000000 0.000000 0.000000 1.000000
0.987352 -0.008005 -0.158342 0.000000 -0.004988 0.996662 -0.081489 7.463500 0.158466 0.081248 0.984016 -1.336300 0.000000 0.000000 0.000000 1.000000
0.985095 0.005536 -0.171924 -0.000000 -0.012712 0.999092 -0.040668 7.463500 0.171543 0.042247 0.984270 -1.336300 0.000000 0.000000 0.000000 1.000000
0.991093 0.023151 -0.131143 -0.000000 -0.020972 0.999619 0.017973 7.463500 0.131509 -0.015063 0.991201 -1.336300 0.000000 0.000000 0.000000 1.000000
0.996302 0.024996 -0.082201 0.000000 -0.022340 0.999203 0.033081 7.463500 0.082962 -0.031123 0.996067 -1.336300 0.000000 0.000000 0.000000 1.000000
0.998349 0.009981 -0.056566 0.000000 -0.010122 0.999946 -0.002204 7.463500 0.056541 0.002773 0.998396 -1.336300 0.000000 0.000000 0.000000 1.000000
0.998809 -0.001744 -0.048766 0.000000 -0.000754 0.998690 -0.051168 7.463500 0.048791 0.051144 0.997499 -1.336300 0.000000 0.000000 0.000000 1.000000
0.999472 0.006430 -0.031842 0.000000 -0.009323 0.995757 -0.091551 7.463500 0.031119 0.091799 0.995291 -1.336300 0.000000 0.000000 0.000000 1.000000
0.999687 0.019523 0.015633 0.000000 -0.017731 0.994040 -0.107566 7.463500 -0.017640 0.107255 0.994075 -1.336300 0.000000 0.000000 0.000000 1.000000
0.996360 0.022189 0.082306 0.000000 -0.013351 0.994232 -0.106414 7.463500 -0.084192 0.104928 0.990910 -1.336300 0.000000 0.000000 0.000000 1.000000
0.990679 0.019346 0.134837 0.000000 -0.004780 0.994191 -0.107523 7.463500 -0.136134 0.105876 0.985017 -1.336300 0.000000 0.000000 0.000000 1.000000
0.987970 0.020230 0.153315 0.000000 -0.006646 0.996044 -0.088607 7.463500 -0.154501 0.086522 0.984197 -1.336300 0.000000 0.000000 0.000000 1.000000
0.989956 0.018453 0.140165 0.000000 -0.013146 0.999165 -0.038690 7.463500 -0.140761 0.036459 0.989372 -1.336300 0.000000 0.000000 0.000000 1.000000
0.993561 0.008158 0.113002 -0.000000 -0.007197 0.999934 -0.008903 7.463500 -0.113067 0.008032 0.993555 -1.336300 0.000000 0.000000 0.000000 1.000000
0.995704 -0.000059 0.092595 -0.000000 0.001813 0.999821 -0.018854 7.463500 -0.092578 0.018940 0.995525 -1.336300 0.000000 0.000000 0.000000 1.000000
0.996693 0.001652 0.081237 0.000000 0.001907 0.999043 -0.043707 7.463500 -0.081231 0.043718 0.995736 -1.336300 0.000000 0.000000 0.000000 1.000000
0.998000 0.005398 0.062980 0.000000 -0.000682 0.997209 -0.074657 7.463500 -0.063207 0.074465 0.995218 -1.336300 0.000000 0.000000 0.000000 1.000000
0.999392 -0.005624 0.034398 0.000000 0.008930 0.995272 -0.096716 7.463500 -0.033692 0.096964 0.994717 -1.336300 0.000000 0.000000 0.000000 1.000000</float_array>
        <technique_common>
          <accessor source="#mixamorig_Spine-Matrix-animation-output-transform-array" count="20" stride="16">
            <param type="float4x4"/>
          </accessor>
        </technique_common>
      </source>
      <source id="mixamorig_Spine-Interpolations">
        <Name_array id="mixamorig_Spine-Interpolations-array" count="20">
 LINEAR LINEAR LINEAR LINEAR LINEAR LINEAR LINEAR LINEAR LINEAR LINEAR LINEAR
LINEAR LINEAR LINEAR LINEAR LINEAR LINEAR LINEAR LINEAR LINEAR</Name_array>
        <technique_common>
          <accessor source="#mixamorig_Spine-Interpolations-array" count="20">
            <param type="name"/>
          </accessor>
        </technique_common>
      </source>
      <sampler id="mixamorig_Spine-Matrix-animation-transform">
        <input semantic="INPUT" source="#mixamorig_Spine-Matrix-animation-input"/>
        <input semantic="OUTPUT" source="#mixamorig_Spine-Matrix-animation-output-transform"/>
        <input semantic="INTERPOLATION" source="#mixamorig_Spine-Interpolations"/>
      </sampler>
      <channel source="#mixamorig_Spine-Matrix-animation-transform" target="mixamorig_Spine/matrix"/>
    </animation>
    <animation id="mixamorig_Spine1-anim" name="mixamorig_Spine1">
      <source id="mixamorig_Spine1-Matrix-animation-input">
        <float_array id="mixamorig_Spine1-Matrix-animation-input-array" count="20">

0.000000 0.033333 0.066667 0.100000 0.133333 0.166667 0.200000 0.233333 0.266667 0.300000 0.333333 0.366667 0.400000 0.433333 0.466667 0.500000
0.533333 0.566667 0.600000 0.633333</float_array>
        <technique_common>
          <accessor source="#mixamorig_Spine1-Matrix-animation-input-array" count="20">
            <param name="TIME" type="float"/>
          </accessor>
        </technique_common>
      </source>
      <source id="mixamorig_Spine1-Matrix-animation-output-transform">
        <float_array id="mixamorig_Spine1-Matrix-animation-output-transform-array" count="320">

0.999927 -0.009473 0.007554 0.000000 0.009805 0.998932 -0.045146 8.845900 -0.007118 0.045217 0.998952 0.000000 0.000000 0.000000 0.000000 1.000000
0.999934 -0.010753 -0.004004 -0.000000 0.010565 0.998960 -0.044361 8.845900 0.004477 0.044316 0.999008 0.000000 0.000000 0.000000 0.000000 1.000000
0.999653 -0.006101 -0.025618 0.000000 0.005055 0.999159 -0.040700 8.845900 0.025844 0.040557 0.998843 0.000000 0.000000 0.000000 0.000000 1.000000
0.998994 0.001077 -0.044835 -0.000000 -0.002833 0.999230 -0.039125 8.845900 0.044759 0.039212 0.998228 -0.000000 0.000000 0.000000 0.000000 1.000000
0.998814 0.003892 -0.048527 0.000000 -0.006336 0.998713 -0.050326 8.845900 0.048269 0.050573 0.997553 0.000000 0.000000 0.000000 0.000000 1.000000
0.999286 0.001211 -0.037773 0.000000 -0.003663 0.997884 -0.064918 8.845900 0.037614 0.065010 0.997175 0.000000 0.000000 0.000000 0.000000 1.000000
0.999698 -0.002082 -0.024471 -0.000000 0.000575 0.998111 -0.061442 8.845900 0.024553 0.061409 0.997811 0.000000 0.000000 0.000000 0.000000 1.000000
0.999843 -0.003330 -0.017405 -0.000000 0.002505 0.998884 -0.047160 8.845900 0.017543 0.047109 0.998736 -0.000000 0.000000 0.000000 0.000000 1.000000
0.999873 -0.003560 -0.015539 0.000000 0.002902 0.999104 -0.042217 8.845900 0.015676 0.042167 0.998988 -0.000000 0.000000 0.000000 0.000000 1.000000
0.999933 -0.003260 -0.011079 0.000000 0.002758 0.998981 -0.045057 8.845900 0.011214 0.045024 0.998923 0.000000 0.000000 0.000000 0.000000 1.000000
0.999992 -0.003373 0.002265 0.000000 0.003476 0.998873 -0.047337 8.845900 -0.002102 0.047345 0.998876 0.000000 0.000000 0.000000 0.000000 1.000000
0.999761 -0.005300 0.021229 0.000000 0.006305 0.998848 -0.047561 8.845900 -0.020952 0.047684 0.998643 0.000000 0.000000 0.000000 0.000000 1.000000
0.999316 -0.008387 0.036030 0.000000 0.010067 0.998859 -0.046693 8.845900 -0.035597 0.047024 0.998259 0.000000 0.000000 0.000000 0.000000 1.000000
0.999098 -0.011052 0.040995 0.000000 0.013162 0.998583 -0.051558 8.845900 -0.040367 0.052051 0.997828 0.000000 0.000000 0.000000 0.000000 1.000000
0.999243 -0.011083 0.037281 -0.000000 0.013346 0.998048 -0.061003 8.845900 -0.036532 0.061454 0.997441 0.000000 0.000000 0.000000 0.000000 1.000000
0.999517 -0.008953 0.029744 -0.000000 0.010681 0.998233 -0.058459 8.845900 -0.029168 0.058749 0.997847 0.000000 0.000000 0.000000 0.000000 1.000000
0.999673 -0.009243 0.023838 0.000000 0.010390 0.998772 -0.048449 8.845900 -0.023361 0.048681 0.998541 -0.000000 0.000000 0.000000 0.000000 1.000000
0.999733 -0.010886 0.020367 0.000000 0.011812 0.998876 -0.045911 8.845900 -0.019844 0.046139 0.998738 0.000000 0.000000 0.000000 0.000000 1.000000
0.999831 -0.009771 0.015568 0.000000 0.010484 0.998868 -0.046388 8.845900 -0.015098 0.046544 0.998802 -0.000000 0.000000 0.000000 0.000000 1.000000
0.999927 -0.009473 0.007554 -0.000000 0.009805 0.998932 -0.045146 8.845900 -0.007118 0.045217 0.998952 -0.000000 0.000000 0.000000 0.000000 1.000000</float_array>
        <technique_common>
          <accessor source="#mixamorig_Spine1-Matrix-animation-output-transform-array" count="20" stride="16">
            <param type="float4x4"/>
          </accessor>
        </technique_common>
      </source>
      <source id="mixamorig_Spine1-Interpolations">
        <Name_array id="mixamorig_Spine1-Interpolations-array" count="20">
 LINEAR LINEAR LINEAR LINEAR LINEAR LINEAR LINEAR LINEAR LINEAR LINEAR LINEAR
LINEAR LINEAR LINEAR LINEAR LINEAR LINEAR LINEAR LINEAR LINEAR</Name_array>
        <technique_common>
          <accessor source="#mixamorig_Spine1-Interpolations-array" count="20">
            <param type="name"/>
          </accessor>
        </technique_common>
      </source>
      <sampler id="mixamorig_Spine1-Matrix-animation-transform">
        <input semantic="INPUT" source="#mixamorig_Spine1-Matrix-animation-input"/>
        <input semantic="OUTPUT" source="#mixamorig_Spine1-Matrix-animation-output-transform"/>
        <input semantic="INTERPOLATION" source="#mixamorig_Spine1-Interpolations"/>
      </sampler>
      <channel source="#mixamorig_Spine1-Matrix-animation-transform" target="mixamorig_Spine1/matrix"/>
    </animation>
    <animation id="mixamorig_Spine2-anim" name="mixamorig_Spine2">
      <source id="mixamorig_Spine2-Matrix-animation-input">
        <float_array id="mixamorig_Spine2-Matrix-animation-input-array" count="20">

0.000000 0.033333 0.066667 0.100000 0.133333 0.166667 0.200000 0.233333 0.266667 0.300000 0.333333 0.366667 0.400000 0.433333 0.466667 0.500000
0.533333 0.566667 0.600000 0.633333</float_array>
        <technique_common>
          <accessor source="#mixamorig_Spine2-Matrix-animation-input-array" count="20">
            <param name="TIME" type="float"/>
          </accessor>
        </technique_common>
      </source>
      <source id="mixamorig_Spine2-Matrix-animation-output-transform">
        <float_array id="mixamorig_Spine2-Matrix-animation-output-transform-array" count="320">

0.999932 -0.009265 0.007142 0.000000 0.009578 0.998932 -0.045203 10.109600 -0.006715 0.045268 0.998952 0.000000 0.000000 0.000000 0.000000 1.000000
0.999931 -0.010859 -0.004486 -0.000000 0.010650 0.998961 -0.044318 10.109600 0.004962 0.044267 0.999007 0.000000 0.000000 0.000000 0.000000 1.000000
0.999640 -0.006836 -0.025955 0.000000 0.005778 0.999158 -0.040621 10.109600 0.026211 0.040457 0.998837 -0.000000 0.000000 0.000000 0.000000 1.000000
0.998990 -0.000052 -0.044927 0.000000 -0.001710 0.999231 -0.039180 10.109600 0.044894 0.039217 0.998222 0.000000 0.000000 0.000000 0.000000 1.000000
0.998819 0.003198 -0.048487 -0.000000 -0.005649 0.998708 -0.050501 10.109600 0.048263 0.050715 0.997546 0.000000 0.000000 0.000000 0.000000 1.000000
0.999284 0.001199 -0.037814 0.000000 -0.003659 0.997876 -0.065043 10.109600 0.037656 0.065135 0.997166 0.000000 0.000000 0.000000 0.000000 1.000000
0.999693 -0.002096 -0.024672 0.000000 0.000575 0.998109 -0.061468 10.109600 0.024754 0.061435 0.997804 0.000000 0.000000 0.000000 0.000000 1.000000
0.999837 -0.003707 -0.017677 0.000000 0.002869 0.998884 -0.047152 10.109600 0.017832 0.047094 0.998731 -0.000000 0.000000 0.000000 0.000000 1.000000
0.999866 -0.004032 -0.015849 0.000000 0.003359 0.999103 -0.042212 10.109600 0.016005 0.042153 0.998983 0.000000 0.000000 0.000000 0.000000 1.000000
0.999928 -0.003558 -0.011494 0.000000 0.003037 0.998980 -0.045058 10.109600 0.011642 0.045020 0.998918 -0.000000 0.000000 0.000000 0.000000 1.000000
0.999993 -0.003316 0.001737 -0.000000 0.003395 0.998872 -0.047363 10.109600 -0.001578 0.047369 0.998876 0.000000 0.000000 0.000000 0.000000 1.000000
0.999776 -0.004714 0.020655 0.000000 0.005694 0.998847 -0.047663 10.109600 -0.020407 0.047770 0.998650 0.000000 0.000000 0.000000 0.000000 1.000000
0.999345 -0.007392 0.035425 -0.000000 0.009051 0.998858 -0.046905 10.109600 -0.035038 0.047195 0.998271 0.000000 0.000000 0.000000 0.000000 1.000000
0.999134 -0.010183 0.040334 0.000000 0.012269 0.998581 -0.051825 10.109600 -0.039749 0.052275 0.997841 0.000000 0.000000 0.000000 0.000000 1.000000
0.999271 -0.010654 0.036665 -0.000000 0.012887 0.998042 -0.061209 10.109600 -0.035941 0.061637 0.997451 -0.000000 0.000000 0.000000 0.000000 1.000000
0.999534 -0.008579 0.029282 0.000000 0.010285 0.998229 -0.058587 10.109600 -0.028727 0.058860 0.997853 0.000000 0.000000 0.000000 0.000000 1.000000
0.999689 -0.008642 0.023398 -0.000000 0.009771 0.998771 -0.048581 10.109600 -0.022950 0.048794 0.998545 0.000000 0.000000 0.000000 0.000000 1.000000
0.999750 -0.010285 0.019852 0.000000 0.011190 0.998876 -0.046059 10.109600 -0.019356 0.046269 0.998741 -0.000000 0.000000 0.000000 0.000000 1.000000
0.999842 -0.009366 0.015099 0.000000 0.010059 0.998868 -0.046492 10.109600 -0.014646 0.046637 0.998805 0.000000 0.000000 0.000000 0.000000 1.000000
0.999932 -0.009265 0.007142 0.000000 0.009578 0.998932 -0.045203 10.109600 -0.006715 0.045268 0.998952 0.000000 0.000000 0.000000 0.000000 1.000000</float_array>
        <technique_common>
          <accessor source="#mixamorig_Spine2-Matrix-animation-output-transform-array" count="20" stride="16">
            <param type="float4x4"/>
          </accessor>
        </technique_common>
      </source>
      <source id="mixamorig_Spine2-Interpolations">
        <Name_array id="mixamorig_Spine2-Interpolations-array" count="20">
 LINEAR LINEAR LINEAR LINEAR LINEAR LINEAR LINEAR LINEAR LINEAR LINEAR LINEAR
LINEAR LINEAR LINEAR LINEAR LINEAR LINEAR LINEAR LINEAR LINEAR</Name_array>
        <technique_common>
          <accessor source="#mixamorig_Spine2-Interpolations-array" count="20">
            <param type="name"/>
          </accessor>
        </technique_common>
      </source>
      <sampler id="mixamorig_Spine2-Matrix-animation-transform">
        <input semantic="INPUT" source="#mixamorig_Spine2-Matrix-animation-input"/>
        <input semantic="OUTPUT" source="#mixamorig_Spine2-Matrix-animation-output-transform"/>
        <input semantic="INTERPOLATION" source="#mixamorig_Spine2-Interpolations"/>
      </sampler>
      <channel source="#mixamorig_Spine2-Matrix-animation-transform" target="mixamorig_Spine2/matrix"/>
    </animation>
    <animation id="mixamorig_Neck-anim" name="mixamorig_Neck">
      <source id="mixamorig_Neck-Matrix-animation-input">
        <float_array id="mixamorig_Neck-Matrix-animation-input-array" count="20">

0.000000 0.033333 0.066667 0.100000 0.133333 0.166667 0.200000 0.233333 0.266667 0.300000 0.333333 0.366667 0.400000 0.433333 0.466667 0.500000
0.533333 0.566667 0.600000 0.633333</float_array>
        <technique_common>
          <accessor source="#mixamorig_Neck-Matrix-animation-input-array" count="20">
            <param name="TIME" type="float"/>
          </accessor>
        </technique_common>
      </source>
      <source id="mixamorig_Neck-Matrix-animation-output-transform">
        <float_array id="mixamorig_Neck-Matrix-animation-output-transform-array" count="320">

0.999794 -0.015440 -0.013181 -0.000000 0.012639 0.981503 -0.191030 11.373300 0.015886 0.190824 0.981496 0.000000 0.000000 0.000000 0.000000 1.000000
0.999918 -0.011291 -0.005985 0.000000 0.009909 0.980775 -0.194890 11.373300 0.008071 0.194815 0.980807 0.000000 0.000000 0.000000 0.000000 1.000000
0.999947 -0.010229 0.001263 0.000000 0.010272 0.979144 -0.202910 11.373300 0.000839 0.202912 0.979197 0.000000 0.000000 0.000000 0.000000 1.000000
0.999916 -0.011141 0.006599 0.000000 0.012274 0.977886 -0.208779 11.373300 -0.004127 0.208842 0.977941 0.000000 0.000000 0.000000 0.000000 1.000000
0.999893 -0.011971 0.008464 0.000000 0.013481 0.977630 -0.209900 11.373300 -0.005762 0.209992 0.977686 0.000000 0.000000 0.000000 0.000000 1.000000
0.999900 -0.012394 0.006833 -0.000000 0.013550 0.977749 -0.209342 11.373300 -0.004086 0.209414 0.977819 0.000000 0.000000 0.000000 0.000000 1.000000
0.999900 -0.013806 0.003120 -0.000000 0.014153 0.978023 -0.208015 11.373300 -0.000180 0.208038 0.978121 0.000000 0.000000 0.000000 0.000000 1.000000
0.999873 -0.015930 -0.000034 0.000000 0.015586 0.978722 -0.204599 11.373300 0.003292 0.204572 0.978846 0.000000 0.000000 0.000000 0.000000 1.000000
0.999836 -0.018051 -0.001134 0.000000 0.017463 0.979785 -0.199288 11.373300 0.004709 0.199236 0.979940 0.000000 0.000000 0.000000 0.000000 1.000000
0.999775 -0.021087 -0.002395 0.000000 0.020226 0.980919 -0.193359 11.373300 0.006427 0.193267 0.981125 -0.000000 0.000000 0.000000 0.000000 1.000000
0.999690 -0.023752 -0.007436 -0.000000 0.021900 0.981415 -0.190643 11.373300 0.011826 0.190421 0.981631 0.000000 0.000000 0.000000 0.000000 1.000000
0.999587 -0.023962 -0.015878 -0.000000 0.020414 0.980643 -0.194739 11.373300 0.020237 0.194335 0.980727 0.000000 0.000000 0.000000 0.000000 1.000000
0.999487 -0.022151 -0.023126 0.000000 0.016982 0.978889 -0.203687 11.373300 0.027150 0.203190 0.978763 0.000000 0.000000 0.000000 0.000000 1.000000
0.999454 -0.019763 -0.026488 0.000000 0.013731 0.977358 -0.211146 11.373300 0.030062 0.210667 0.977096 -0.000000 0.000000 0.000000 0.000000 1.000000
0.999436 -0.019279 -0.027481 0.000000 0.013029 0.977243 -0.211725 11.373300 0.030938 0.211247 0.976943 0.000000 0.000000 0.000000 0.000000 1.000000
0.999399 -0.020585 -0.027899 0.000000 0.014429 0.978616 -0.205191 11.373300 0.031526 0.204665 0.978324 0.000000 0.000000 0.000000 0.000000 1.000000
0.999431 -0.019572 -0.027480 0.000000 0.013778 0.980290 -0.197084 11.373300 0.030796 0.196593 0.980001 0.000000 0.000000 0.000000 0.000000 1.000000
0.999537 -0.017275 -0.025057 0.000000 0.012092 0.980936 -0.193954 11.373300 0.027930 0.193561 0.980691 0.000000 0.000000 0.000000 0.000000 1.000000
0.999656 -0.016894 -0.020055 -0.000000 0.012679 0.980868 -0.194261 11.373300 0.022954 0.193940 0.980745 0.000000 0.000000 0.000000 0.000000 1.000000
0.999794 -0.015440 -0.013181 0.000000 0.012639 0.981503 -0.191030 11.373300 0.015886 0.190824 0.981496 0.000000 0.000000 0.000000 0.000000 1.000000</float_array>
        <technique_common>
          <accessor source="#mixamorig_Neck-Matrix-animation-output-transform-array" count="20" stride="16">
            <param type="float4x4"/>
          </accessor>
        </technique_common>
      </source>
      <source id="mixamorig_Neck-Interpolations">
        <Name_array id="mixamorig_Neck-Interpolations-array" count="20">
 LINEAR LINEAR LINEAR LINEAR LINEAR LINEAR LINEAR LINEAR LINEAR LINEAR LINEAR
LINEAR LINEAR LINEAR LINEAR LINEAR LINEAR LINEAR LINEAR LINEAR</Name_array>
        <technique_common>
          <accessor source="#mixamorig_Neck-Interpolations-array" count="20">
            <param type="name"/>
          </accessor>
        </technique_common>
      </source>
      <sampler id="mixamorig_Neck-Matrix-animation-transform">
        <input semantic="INPUT" source="#mixamorig_Neck-Matrix-animation-input"/>
        <input semantic="OUTPUT" source="#mixamorig_Neck-Matrix-animation-output-transform"/>
        <input semantic="INTERPOLATION" source="#mixamorig_Neck-Interpolations"/>
      </sampler>
      <channel source="#mixamorig_Neck-Matrix-animation-transform" target="mixamorig_Neck/matrix"/>
    </animation>
    <animation id="mixamorig_Head-anim" name="mixamorig_Head">
      <source id="mixamorig_Head-Matrix-animation-input">
        <float_array id="mixamorig_Head-Matrix-animation-input-array" count="20">

0.000000 0.033333 0.066667 0.100000 0.133333 0.166667 0.200000 0.233333 0.266667 0.300000 0.333333 0.366667 0.400000 0.433333 0.466667 0.500000
0.533333 0.566667 0.600000 0.633333</float_array>
        <technique_common>
          <accessor source="#mixamorig_Head-Matrix-animation-input-array" count="20">
            <param name="TIME" type="float"/>
          </accessor>
        </technique_common>
      </source>
      <source id="mixamorig_Head-Matrix-animation-output-transform">
        <float_array id="mixamorig_Head-Matrix-animation-output-transform-array" count="320">

0.993590 0.084365 -0.075240 0.000000 -0.066713 0.974945 0.212206 8.859100 0.091257 -0.205826 0.974324 2.700600 0.000000 0.000000 0.000000 1.000000
0.996479 0.079147 -0.027653 0.000000 -0.072621 0.979665 0.187038 8.859100 0.041894 -0.184371 0.981963 2.700600 0.000000 0.000000 0.000000 1.000000
0.997626 0.067419 0.014020 -0.000000 -0.068775 0.985729 0.153653 8.859100 -0.003460 -0.154253 0.988025 2.700600 0.000000 0.000000 0.000000 1.000000
0.997739 0.051641 0.043013 0.000000 -0.056504 0.991066 0.120809 8.859100 -0.036390 -0.122967 0.991743 2.700600 0.000000 0.000000 0.000000 1.000000
0.998163 0.031084 0.051997 0.000000 -0.036721 0.993116 0.111229 8.859100 -0.048182 -0.112934 0.992434 2.700600 0.000000 0.000000 0.000000 1.000000
0.999221 0.008080 0.038639 -0.000000 -0.013117 0.991169 0.131954 8.859100 -0.037231 -0.132358 0.990502 2.700600 0.000000 0.000000 0.000000 1.000000
0.999900 -0.007666 0.011852 -0.000000 0.005635 0.986642 0.162803 8.859100 -0.012942 -0.162720 0.986587 2.700600 0.000000 0.000000 0.000000 1.000000
0.999882 -0.012376 -0.009133 0.000000 0.013859 0.982462 0.185945 8.859100 0.006671 -0.186049 0.982518 2.700600 0.000000 0.000000 0.000000 1.000000
0.999796 -0.014193 -0.014352 -0.000000 0.016801 0.979245 0.201984 8.859100 0.011187 -0.202184 0.979284 2.700600 0.000000 0.000000 0.000000 1.000000
0.999639 -0.018293 -0.019678 -0.000000 0.022097 0.976394 0.214863 8.859100 0.015283 -0.215220 0.976446 2.700600 0.000000 0.000000 0.000000 1.000000
0.998643 -0.012530 -0.050550 0.000000 0.023599 0.974131 0.224747 8.859100 0.046426 -0.225635 0.973105 2.700600 0.000000 0.000000 0.000000 1.000000
0.994420 0.009685 -0.105051 0.000000 0.013611 0.975677 0.218791 8.859100 0.104615 -0.219000 0.970100 2.700600 0.000000 0.000000 0.000000 1.000000
0.987189 0.024753 -0.157624 0.000000 0.004432 0.983258 0.182166 8.859100 0.159494 -0.180531 0.970551 2.700600 0.000000 0.000000 0.000000 1.000000
0.980826 0.021835 -0.193656 -0.000000 0.005359 0.990306 0.138801 8.859100 0.194809 -0.137178 0.971201 2.700600 0.000000 0.000000 0.000000 1.000000
0.977176 0.024006 -0.211072 0.000000 0.004746 0.990879 0.134670 8.859100 0.212380 -0.132598 0.968149 2.700600 0.000000 0.000000 0.000000 1.000000
0.975509 0.040231 -0.216249 0.000000 -0.002380 0.985004 0.172513 8.859100 0.219947 -0.167773 0.960976 2.700600 0.000000 0.000000 0.000000 1.000000
0.974490 0.059451 -0.216415 0.000000 -0.012506 0.977163 0.212125 8.859100 0.224084 -0.204007 0.952978 2.700600 0.000000 0.000000 0.000000 1.000000
0.977796 0.074722 -0.195785 0.000000 -0.028867 0.973389 0.227332 8.859100 0.207562 -0.216632 0.953933 2.700600 0.000000 0.000000 0.000000 1.000000
0.986528 0.081533 -0.141827 0.000000 -0.048572 0.973842 0.221976 8.859100 0.156216 -0.212096 0.964682 2.700600 0.000000 0.000000 0.000000 1.000000
0.993590 0.084365 -0.075240 0.000000 -0.066713 0.974945 0.212206 8.859100 0.091257 -0.205826 0.974324 2.700600 0.000000 0.000000 0.000000 1.000000</float_array>
        <technique_common>
          <accessor source="#mixamorig_Head-Matrix-animation-output-transform-array" count="20" stride="16">
            <param type="float4x4"/>
          </accessor>
        </technique_common>
      </source>
      <source id="mixamorig_Head-Interpolations">
        <Name_array id="mixamorig_Head-Interpolations-array" count="20">
 LINEAR LINEAR LINEAR LINEAR LINEAR LINEAR LINEAR LINEAR LINEAR LINEAR LINEAR
LINEAR LINEAR LINEAR LINEAR LINEAR LINEAR LINEAR LINEAR LINEAR</Name_array>
        <technique_common>
          <accessor source="#mixamorig_Head-Interpolations-array" count="20">
            <param type="name"/>
          </accessor>
        </technique_common>
      </source>
      <sampler id="mixamorig_Head-Matrix-animation-transform">
        <input semantic="INPUT" source="#mixamorig_Head-Matrix-animation-input"/>
        <input semantic="OUTPUT" source="#mixamorig_Head-Matrix-animation-output-transform"/>
        <input semantic="INTERPOLATION" source="#mixamorig_Head-Interpolations"/>
      </sampler>
      <channel source="#mixamorig_Head-Matrix-animation-transform" target="mixamorig_Head/matrix"/>
    </animation>
    <animation id="mixamorig_LeftShoulder-anim" name="mixamorig_LeftShoulder">
      <source id="mixamorig_LeftShoulder-Matrix-animation-input">
        <float_array id="mixamorig_LeftShoulder-Matrix-animation-input-array" count="20">

0.000000 0.033333 0.066667 0.100000 0.133333 0.166667 0.200000 0.233333 0.266667 0.300000 0.333333 0.366667 0.400000 0.433333 0.466667 0.500000
0.533333 0.566667 0.600000 0.633333</float_array>
        <technique_common>
          <accessor source="#mixamorig_LeftShoulder-Matrix-animation-input-array" count="20">
            <param name="TIME" type="float"/>
          </accessor>
        </technique_common>
      </source>
      <source id="mixamorig_LeftShoulder-Matrix-animation-output-transform">
        <float_array id="mixamorig_LeftShoulder-Matrix-animation-output-transform-array" count="320">

-0.023764 0.783889 -0.620445 4.895200 0.031815 -0.619713 -0.784183 9.510200 -0.999211 -0.038375 -0.010213 -0.249100 0.000000 0.000000 0.000000 1.000000
-0.019020 0.790962 -0.611570 4.895200 0.030641 -0.610932 -0.791090 9.510200 -0.999349 -0.033785 -0.012616 -0.249100 0.000000 0.000000 0.000000 1.000000
0.007046 0.798050 -0.602551 4.895200 0.028170 -0.602485 -0.797633 9.510200 -0.999578 -0.011354 -0.026726 -0.249100 0.000000 0.000000 0.000000 1.000000
0.040670 0.803534 -0.593868 4.895200 0.025742 -0.595006 -0.803309 9.510200 -0.998841 0.017383 -0.044884 -0.249100 0.000000 0.000000 0.000000 1.000000
0.052314 0.803902 -0.592457 4.895200 0.025036 -0.594138 -0.803973 9.510200 -0.998317 0.027226 -0.051208 -0.249100 0.000000 0.000000 0.000000 1.000000
0.042432 0.794644 -0.605591 4.895200 0.026245 -0.606814 -0.794410 9.510200 -0.998755 0.017815 -0.046603 -0.249100 0.000000 0.000000 0.000000 1.000000
0.036577 0.778820 -0.626180 4.895200 0.028047 -0.627152 -0.778392 9.510200 -0.998937 0.010909 -0.044783 -0.249100 0.000000 0.000000 0.000000 1.000000
0.039569 0.768262 -0.638911 4.895200 0.028621 -0.640021 -0.767824 9.510200 -0.998807 0.012096 -0.047313 -0.249100 0.000000 0.000000 0.000000 1.000000
0.040011 0.771729 -0.634692 4.895200 0.028257 -0.635821 -0.771319 9.510200 -0.998800 0.012927 -0.047246 -0.249100 0.000000 0.000000 0.000000 1.000000
0.037148 0.784522 -0.618987 4.895200 0.027359 -0.619980 -0.784140 9.510200 -0.998935 0.012194 -0.044495 -0.249100 0.000000 0.000000 0.000000 1.000000
0.031644 0.788038 -0.614813 4.895200 0.027289 -0.615573 -0.787607 9.510200 -0.999127 0.008146 -0.040984 -0.249100 0.000000 0.000000 0.000000 1.000000
0.013840 0.781471 -0.623788 4.895200 0.029261 -0.623897 -0.780959 9.510200 -0.999476 -0.007444 -0.031501 -0.249100 0.000000 0.000000 0.000000 1.000000
-0.010397 0.789700 -0.613405 4.895200 0.030267 -0.612908 -0.789574 9.510200 -0.999488 -0.026775 -0.017529 -0.249100 0.000000 0.000000 0.000000 1.000000
-0.014526 0.811105 -0.584720 4.895200 0.027307 -0.584242 -0.811120 9.510200 -0.999522 -0.027750 -0.013662 -0.249100 0.000000 0.000000 0.000000 1.000000
-0.000856 0.817671 -0.575685 4.895200 0.025745 -0.575477 -0.817413 9.510200 -0.999668 -0.015520 -0.020558 -0.249100 0.000000 0.000000 0.000000 1.000000
0.003073 0.799794 -0.600266 4.895200 0.027879 -0.600104 -0.799436 9.510200 -0.999607 -0.014278 -0.024142 -0.249100 0.000000 0.000000 0.000000 1.000000
-0.004314 0.768900 -0.639355 4.895200 0.032279 -0.638921 -0.768595 9.510200 -0.999470 -0.023954 -0.022063 -0.249100 0.000000 0.000000 0.000000 1.000000
-0.011658 0.753023 -0.657891 4.895200 0.035018 -0.657224 -0.752881 9.510200 -0.999319 -0.031815 -0.018708 -0.249100 0.000000 0.000000 0.000000 1.000000
-0.018520 0.766690 -0.641751 4.895200 0.033892 -0.641010 -0.766784 9.510200 -0.999254 -0.035951 -0.014113 -0.249100 0.000000 0.000000 0.000000 1.000000
-0.023764 0.783890 -0.620445 4.895200 0.031815 -0.619713 -0.784183 9.510200 -0.999211 -0.038375 -0.010213 -0.249100 0.000000 0.000000 0.000000 1.000000</float_array>
        <technique_common>
          <accessor source="#mixamorig_LeftShoulder-Matrix-animation-output-transform-array" count="20" stride="16">
            <param type="float4x4"/>
          </accessor>
        </technique_common>
      </source>
      <source id="mixamorig_LeftShoulder-Interpolations">
        <Name_array id="mixamorig_LeftShoulder-Interpolations-array" count="20">
 LINEAR LINEAR LINEAR LINEAR LINEAR LINEAR LINEAR LINEAR LINEAR LINEAR LINEAR
LINEAR LINEAR LINEAR LINEAR LINEAR LINEAR LINEAR LINEAR LINEAR</Name_array>
        <technique_common>
          <accessor source="#mixamorig_LeftShoulder-Interpolations-array" count="20">
            <param type="name"/>
          </accessor>
        </technique_common>
      </source>
      <sampler id="mixamorig_LeftShoulder-Matrix-animation-transform">
        <input semantic="INPUT" source="#mixamorig_LeftShoulder-Matrix-animation-input"/>
        <input semantic="OUTPUT" source="#mixamorig_LeftShoulder-Matrix-animation-output-transform"/>
        <input semantic="INTERPOLATION" source="#mixamorig_LeftShoulder-Interpolations"/>
      </sampler>
      <channel source="#mixamorig_LeftShoulder-Matrix-animation-transform" target="mixamorig_LeftShoulder/matrix"/>
    </animation>
    <animation id="mixamorig_LeftArm-anim" name="mixamorig_LeftArm">
      <source id="mixamorig_LeftArm-Matrix-animation-input">
        <float_array id="mixamorig_LeftArm-Matrix-animation-input-array" count="20">

0.000000 0.033333 0.066667 0.100000 0.133333 0.166667 0.200000 0.233333 0.266667 0.300000 0.333333 0.366667 0.400000 0.433333 0.466667 0.500000
0.533333 0.566667 0.600000 0.633333</float_array>
        <technique_common>
          <accessor source="#mixamorig_LeftArm-Matrix-animation-input-array" count="20">
            <param name="TIME" type="float"/>
          </accessor>
        </technique_common>
      </source>
      <source id="mixamorig_LeftArm-Matrix-animation-output-transform">
        <float_array id="mixamorig_LeftArm-Matrix-animation-output-transform-array" count="320">

0.764447 0.641738 -0.061591 -0.000000 -0.517519 0.553879 -0.652221 9.318900 -0.384441 0.530463 0.755523 0.000000 0.000000 0.000000 0.000000 1.000000
0.819067 0.572414 -0.038356 0.000000 -0.466165 0.625084 -0.626067 9.318900 -0.334394 0.530671 0.778825 0.000000 0.000000 0.000000 0.000000 1.000000
0.831386 0.555644 -0.007554 0.000000 -0.467554 0.692104 -0.549896 9.318900 -0.300318 0.460708 0.835199 0.000000 0.000000 0.000000 0.000000 1.000000
0.842658 0.538364 -0.009605 -0.000000 -0.492090 0.762743 -0.419608 9.318900 -0.218576 0.358312 0.907655 -0.000000 0.000000 0.000000 0.000000 1.000000
0.887040 0.457611 -0.061261 -0.000000 -0.456919 0.851073 -0.258652 9.318900 -0.066225 0.257425 0.964026 0.000000 0.000000 0.000000 0.000000 1.000000
0.935978 0.324667 -0.136149 0.000000 -0.342103 0.930062 -0.133975 9.318900 0.083130 0.171975 0.981587 0.000000 0.000000 0.000000 0.000000 1.000000
0.955433 0.236279 -0.176974 0.000000 -0.256119 0.961571 -0.098916 9.318900 0.146801 0.139834 0.979232 0.000000 0.000000 0.000000 0.000000 1.000000
0.960625 0.239879 -0.140206 0.000000 -0.257915 0.957537 -0.128855 9.318900 0.103343 0.159943 0.981702 0.000000 0.000000 0.000000 0.000000 1.000000
0.960277 0.277470 -0.029643 0.000000 -0.277814 0.940632 -0.195015 9.318900 -0.026227 0.195503 0.980352 -0.000000 0.000000 0.000000 0.000000 1.000000
0.945666 0.310068 0.097850 0.000000 -0.269088 0.915280 -0.299757 9.318900 -0.182505 0.257139 0.948984 0.000000 0.000000 0.000000 0.000000 1.000000
0.907383 0.373937 0.191902 -0.000000 -0.272749 0.871258 -0.408065 9.318900 -0.319787 0.317930 0.892556 0.000000 0.000000 0.000000 0.000000 1.000000
0.837711 0.485632 0.249804 -0.000000 -0.330454 0.814935 -0.476110 9.318900 -0.434788 0.316294 0.843159 -0.000000 0.000000 0.000000 0.000000 1.000000
0.741613 0.615774 0.266144 0.000000 -0.432392 0.742115 -0.512156 9.318900 -0.512881 0.264743 0.816617 0.000000 0.000000 0.000000 0.000000 1.000000
0.621942 0.747404 0.233615 0.000000 -0.562440 0.633946 -0.530823 9.318900 -0.544839 0.198746 0.814647 0.000000 0.000000 0.000000 0.000000 1.000000
0.501890 0.845691 0.181421 0.000000 -0.669358 0.512606 -0.537768 9.318900 -0.547783 0.148465 0.823342 0.000000 0.000000 0.000000 0.000000 1.000000
0.469934 0.871965 0.137253 -0.000000 -0.698728 0.462481 -0.545793 9.318900 -0.539390 0.160585 0.826602 0.000000 0.000000 0.000000 0.000000 1.000000
0.532871 0.840482 0.098177 0.000000 -0.668087 0.489075 -0.560772 9.318900 -0.519335 0.233228 0.822129 0.000000 0.000000 0.000000 0.000000 1.000000
0.618087 0.785026 0.041256 0.000000 -0.617043 0.517004 -0.593265 9.318900 -0.487059 0.341233 0.803949 0.000000 0.000000 0.000000 0.000000 1.000000
0.695544 0.717931 -0.028163 0.000000 -0.566063 0.523428 -0.636864 9.318900 -0.442483 0.458909 0.770461 -0.000000 0.000000 0.000000 0.000000 1.000000
0.764447 0.641738 -0.061591 -0.000000 -0.517519 0.553879 -0.652221 9.318900 -0.384441 0.530463 0.755523 0.000000 0.000000 0.000000 0.000000 1.000000</float_array>
        <technique_common>
          <accessor source="#mixamorig_LeftArm-Matrix-animation-output-transform-array" count="20" stride="16">
            <param type="float4x4"/>
          </accessor>
        </technique_common>
      </source>
      <source id="mixamorig_LeftArm-Interpolations">
        <Name_array id="mixamorig_LeftArm-Interpolations-array" count="20">
 LINEAR LINEAR LINEAR LINEAR LINEAR LINEAR LINEAR LINEAR LINEAR LINEAR LINEAR
LINEAR LINEAR LINEAR LINEAR LINEAR LINEAR LINEAR LINEAR LINEAR</Name_array>
        <technique_common>
          <accessor source="#mixamorig_LeftArm-Interpolations-array" count="20">
            <param type="name"/>
          </accessor>
        </technique_common>
      </source>
      <sampler id="mixamorig_LeftArm-Matrix-animation-transform">
        <input semantic="INPUT" source="#mixamorig_LeftArm-Matrix-animation-input"/>
