<?xml version="1.0" encoding="utf-8"?>
<COLLADA xmlns="http://www.collada.org/2005/11/COLLADASchema" version="1.4.1">
  <asset>
    <contributor>
      <author>Mixamo</author>
      <authoring_tool>COLLADA Mixamo exporter</authoring_tool>
      <comments/>
    </contributor>
    <created>2022-02-28T10:25:52Z</created>
    <modified>2022-02-28T10:25:52Z</modified>
    <revision/>
    <title/>
    <unit meter="0.010000"/>
    <up_axis>Y_UP</up_axis>
  </asset>
  <library_animations>
    <animation id="mixamorig_Hips-anim" name="mixamorig_Hips">
      <source id="mixamorig_Hips-Matrix-animation-input">
        <float_array id="mixamorig_Hips-Matrix-animation-input-array" count="20">

0.000000 0.033333 0.066667 0.100000 0.133333 0.166667 0.200000 0.233333 0.266667 0.300000 0.333333 0.366667 0.400000 0.433333 0.466667 0.500000
0.533333 0.566667 0.600000 0.633333</float_array>
        <technique_common>
          <accessor source="#mixamorig_Hips-Matrix-animation-input-array" count="20">
            <param name="TIME" type="float"/>
          </accessor>
        </technique_common>
      </source>
      <source id="mixamorig_Hips-Matrix-animation-output-transform">
        <float_array id="mixamorig_Hips-Matrix-animation-output-transform-array" count="320">

0.993023 0.015227 -0.116933 0.343420 -0.030846 0.990644 -0.132943 91.299072 0.113814 0.135623 0.984202 -0.500999 0.000000 0.000000 0.000000 1.000000
0.996173 -0.003126 -0.087345 0.169334 -0.009409 0.989716 -0.142734 92.322952 0.086893 0.143010 0.985900 -0.038345 0.000000 0.000000 0.000000 1.000000
0.997951 0.004976 -0.063785 -0.071873 -0.015841 0.985145 -0.170990 93.520226 0.061987 0.171650 0.983206 0.454926 0.000000 0.000000 0.000000 1.000000
0.998314 0.027614 -0.051053 -0.390585 -0.036316 0.983308 -0.178286 93.849823 0.045277 0.179839 0.982653 0.974714 0.000000 0.000000 0.000000 1.000000
0.999453 0.031351 -0.010528 -0.641616 -0.032562 0.988547 -0.147357 93.323837 0.005787 0.147619 0.989027 0.868455 0.000000 0.000000 0.000000 1.000000
0.997661 0.008749 0.067792 -0.695437 -0.000847 0.993280 -0.115730 91.296570 -0.068349 0.115402 0.990965 0.665654 0.000000 0.000000 0.000000 1.000000
0.989899 -0.028785 0.138822 -0.668195 0.044845 0.992470 -0.113987 89.666954 -0.134495 0.119061 0.983735 0.314491 0.000000 0.000000 0.000000 1.000000
0.983561 -0.062189 0.169529 -0.121257 0.086414 0.986446 -0.139485 89.336853 -0.158557 0.151842 0.975604 -2.196716 0.000000 0.000000 0.000000 1.000000
0.983395 -0.061700 0.170667 0.157147 0.091604 0.980596 -0.173319 89.460808 -0.156662 0.186075 0.969966 -4.203686 0.000000 0.000000 0.000000 1.000000
0.986649 -0.026378 0.160709 0.348249 0.058336 0.978560 -0.197525 90.047394 -0.152053 0.204263 0.967035 -3.561538 0.000000 0.000000 0.000000 1.000000
0.988014 0.004083 0.154310 0.629201 0.028393 0.977788 -0.207666 90.723022 -0.151730 0.209558 0.965952 -0.786845 0.000000 0.000000 0.000000 1.000000
0.988878 0.003409 0.148689 0.974768 0.028653 0.976642 -0.212952 92.682846 -0.145942 0.214844 0.965683 0.367586 0.000000 0.000000 0.000000 1.000000
0.990397 -0.014141 0.137531 0.971666 0.043588 0.975962 -0.213540 93.816559 -0.131205 0.217484 0.967205 1.279047 0.000000 0.000000 0.000000 1.000000
0.991373 -0.023866 0.128879 1.092435 0.049365 0.978865 -0.198461 94.341904 -0.121419 0.203111 0.971598 1.400662 0.000000 0.000000 0.000000 1.000000
0.993227 -0.026318 0.113173 1.194758 0.045692 0.984006 -0.172174 93.455734 -0.106832 0.176179 0.978544 1.867466 0.000000 0.000000 0.000000 1.000000
0.997536 -0.025999 0.065154 1.384808 0.036057 0.986733 -0.158296 91.792191 -0.060174 0.160255 0.985240 0.825951 0.000000 0.000000 0.000000 1.000000
0.999805 -0.007119 -0.018442 1.234259 0.003997 0.986443 -0.164058 90.418739 0.019360 0.163953 0.986278 0.148914 0.000000 0.000000 0.000000 1.000000
0.995026 0.021950 -0.097171 0.844190 -0.037367 0.986441 -0.159804 90.113846 0.092345 0.162640 0.982355 -0.177545 0.000000 0.000000 0.000000 1.000000
0.991424 0.031950 -0.126721 0.567818 -0.049954 0.988669 -0.141556 90.535904 0.120763 0.146673 0.981786 -1.190724 0.000000 0.000000 0.000000 1.000000
0.993023 0.015227 -0.116933 0.343421 -0.030846 0.990644 -0.132943 91.299080 0.113814 0.135623 0.984202 -0.501000 0.000000 0.000000 0.000000 1.000000</float_array>
        <technique_common>
          <accessor source="#mixamorig_Hips-Matrix-animation-output-transform-array" count="20" stride="16">
            <param type="float4x4"/>
          </accessor>
        </technique_common>
      </source>
      <source id="mixamorig_Hips-Interpolations">
        <Name_array id="mixamorig_Hips-Interpolations-array" count="20">
 LINEAR LINEAR LINEAR LINEAR LINEAR LINEAR LINEAR LINEAR LINEAR LINEAR LINEAR
LINEAR LINEAR LINEAR LINEAR LINEAR LINEAR LINEAR LINEAR LINEAR</Name_array>
        <technique_common>
          <accessor source="#mixamorig_Hips-Interpolations-array" count="20">
            <param type="name"/>
          </accessor>
        </technique_common>
      </source>
      <sampler id="mixamorig_Hips-Matrix-animation-transform">
        <input semantic="INPUT" source="#mixamorig_Hips-Matrix-animation-input"/>
        <input semantic="OUTPUT" source="#mixamorig_Hips-Matrix-animation-output-transform"/>
        <input semantic="INTERPOLATION" source="#mixamorig_Hips-Interpolations"/>
      </sampler>
      <channel source="#mixamorig_Hips-Matrix-animation-transform" target="mixamorig_Hips/matrix"/>
    </animation>
    <animation id="mixamorig_Spine-anim" name="mixamorig_Spine">
      <source id="mixamorig_Spine-Matrix-animation-input">
        <float_array id="mixamorig_Spine-Matrix-animation-input-array" count="20">

0.000000 0.033333 0.066667 0.100000 0.133333 0.166667 0.200000 0.233333 0.266667 0.300000 0.333333 0.366667 0.400000 0.433333 0.466667 0.500000
0.533333 0.566667 0.600000 0.633333</float_array>
        <technique_common>
          <accessor source="#mixamorig_Spine-Matrix-animation-input-array" count="20">
            <param name="TIME" type="float"/>
          </accessor>
        </technique_common>
      </source>
      <source id="mixamorig_Spine-Matrix-animation-output-transform">
        <float_array id="mixamorig_Spine-Matrix-animation-output-transform-array" count="320">

0.967668 -0.018467 0.251550 0.000000 0.034048 0.997752 -0.057729 7.463500 -0.249918 0.064427 0.966121 -1.336300 0.000000 0.000000 0.000000 1.000000
0.962060 -0.002348 0.272827 0.000000 -0.002537 0.999843 0.017551 7.463500 -0.272825 -0.017577 0.961903 -1.336300 0.000000 0.000000 0.000000 1.000000
0.959023 -0.023513 0.282352 0.000000 -0.005559 0.994797 0.101721 7.463500 -0.283275 -0.099122 0.953903 -1.336300 0.000000 0.000000 0.000000 1.000000
0.958515 -0.059107 0.278847 0.000000 0.022840 0.991045 0.131560 7.463500 -0.284127 -0.119733 0.951281 -1.336300 0.000000 0.000000 0.000000 1.000000
0.971586 -0.042497 0.232839 0.000000 0.025126 0.996709 0.077072 7.463500 -0.235348 -0.069031 0.969457 -1.336300 0.000000 0.000000 0.000000 1.000000
0.990256 0.024507 0.137089 -0.000000 -0.023976 0.999697 -0.005520 7.463500 -0.137183 0.002179 0.990543 -1.336300 0.000000 0.000000 0.000000 1.000000
0.995238 0.094817 0.022619 0.000000 -0.093190 0.993556 -0.064513 7.463500 -0.028590 0.062098 0.997660 -1.336300 0.000000 0.000000 0.000000 1.000000
0.988045 0.135951 -0.072691 0.000000 -0.141698 0.986607 -0.080802 7.463500 0.060732 0.090136 0.994076 -1.336300 0.000000 0.000000 0.000000 1.000000
0.978237 0.146109 -0.147322 0.000000 -0.152538 0.987738 -0.033269 7.463500 0.140655 0.055017 0.988529 -1.336300 0.000000 0.000000 0.000000 1.000000
0.967468 0.130359 -0.216822 0.000000 -0.117831 0.990578 0.069792 7.463500 0.223877 -0.041973 0.973713 -1.336300 0.000000 0.000000 0.000000 1.000000
0.955939 0.105430 -0.273982 0.000000 -0.059777 0.983639 0.169946 7.463500 0.287417 -0.146080 0.946600 -1.336300 0.000000 0.000000 0.000000 1.000000
0.950280 0.097539 -0.295725 0.000000 -0.030222 0.974082 0.224168 7.463500 0.309925 -0.204085 0.928599 -1.336300 0.000000 0.000000 0.000000 1.000000
0.952753 0.108434 -0.283731 -0.000000 -0.041106 0.971544 0.233264 7.463500 0.300951 -0.210580 0.930099 -1.336300 0.000000 0.000000 0.000000 1.000000
0.959554 0.111068 -0.258689 0.000000 -0.057592 0.976897 0.205806 7.463500 0.275570 -0.182584 0.943782 -1.336300 0.000000 0.000000 0.000000 1.000000
0.973135 0.088713 -0.212457 0.000000 -0.059013 0.988067 0.142271 7.463500 0.222543 -0.125911 0.966758 -1.336300 0.000000 0.000000 0.000000 1.000000
0.991430 0.044960 -0.122662 0.000000 -0.038940 0.997937 0.051045 7.463500 0.124704 -0.045831 0.991135 -1.336300 0.000000 0.000000 0.000000 1.000000
0.999968 -0.007886 0.001443 -0.000000 0.007933 0.999308 -0.036353 7.463500 -0.001155 0.036363 0.999338 -1.336300 0.000000 0.000000 0.000000 1.000000
0.991889 -0.044512 0.119054 0.000000 0.054920 0.994813 -0.085618 7.463500 -0.114626 0.091462 0.989189 -1.336300 0.000000 0.000000 0.000000 1.000000
0.978258 -0.044708 0.202514 0.000000 0.064362 0.993720 -0.091529 7.463500 -0.197150 0.102573 0.974993 -1.336300 0.000000 0.000000 0.000000 1.000000
0.967668 -0.018467 0.251550 0.000000 0.034048 0.997752 -0.057729 7.463500 -0.249918 0.064427 0.966121 -1.336300 0.000000 0.000000 0.000000 1.000000</float_array>
        <technique_common>
          <accessor source="#mixamorig_Spine-Matrix-animation-output-transform-array" count="20" stride="16">
            <param type="float4x4"/>
          </accessor>
        </technique_common>
      </source>
      <source id="mixamorig_Spine-Interpolations">
        <Name_array id="mixamorig_Spine-Interpolations-array" count="20">
 LINEAR LINEAR LINEAR LINEAR LINEAR LINEAR LINEAR LINEAR LINEAR LINEAR LINEAR
LINEAR LINEAR LINEAR LINEAR LINEAR LINEAR LINEAR LINEAR LINEAR</Name_array>
        <technique_common>
          <accessor source="#mixamorig_Spine-Interpolations-array" count="20">
            <param type="name"/>
          </accessor>
        </technique_common>
      </source>
      <sampler id="mixamorig_Spine-Matrix-animation-transform">
        <input semantic="INPUT" source="#mixamorig_Spine-Matrix-animation-input"/>
        <input semantic="OUTPUT" source="#mixamorig_Spine-Matrix-animation-output-transform"/>
        <input semantic="INTERPOLATION" source="#mixamorig_Spine-Interpolations"/>
      </sampler>
      <channel source="#mixamorig_Spine-Matrix-animation-transform" target="mixamorig_Spine/matrix"/>
    </animation>
    <animation id="mixamorig_Spine1-anim" name="mixamorig_Spine1">
      <source id="mixamorig_Spine1-Matrix-animation-input">
        <float_array id="mixamorig_Spine1-Matrix-animation-input-array" count="20">

0.000000 0.033333 0.066667 0.100000 0.133333 0.166667 0.200000 0.233333 0.266667 0.300000 0.333333 0.366667 0.400000 0.433333 0.466667 0.500000
0.533333 0.566667 0.600000 0.633333</float_array>
        <technique_common>
          <accessor source="#mixamorig_Spine1-Matrix-animation-input-array" count="20">
            <param name="TIME" type="float"/>
          </accessor>
        </technique_common>
      </source>
      <source id="mixamorig_Spine1-Matrix-animation-output-transform">
        <float_array id="mixamorig_Spine1-Matrix-animation-output-transform-array" count="320">

0.999243 -0.028596 0.026384 -0.000000 0.026983 0.997858 0.059586 8.845900 -0.028031 -0.058829 0.997874 0.000000 0.000000 0.000000 0.000000 1.000000
0.999175 -0.026746 0.030575 0.000000 0.025655 0.999040 0.035514 8.845900 -0.031496 -0.034700 0.998901 -0.000000 0.000000 0.000000 0.000000 1.000000
0.999249 -0.016239 0.035189 -0.000000 0.015910 0.999827 0.009622 8.845900 -0.035339 -0.009055 0.999334 0.000000 0.000000 0.000000 0.000000 1.000000
0.999255 -0.003713 0.038419 0.000000 0.003755 0.999992 -0.001020 8.845900 -0.038415 0.001164 0.999261 -0.000000 0.000000 0.000000 0.000000 1.000000
0.999478 -0.006568 0.031618 0.000000 0.006457 0.999973 0.003598 8.845900 -0.031641 -0.003392 0.999494 -0.000000 0.000000 0.000000 0.000000 1.000000
0.999529 -0.027812 0.012977 -0.000000 0.027536 0.999400 0.021025 8.845900 -0.013554 -0.020658 0.999695 0.000000 0.000000 0.000000 0.000000 1.000000
0.998625 -0.051796 -0.008121 0.000000 0.052133 0.997432 0.049105 8.845900 0.005557 -0.049460 0.998761 0.000000 0.000000 0.000000 0.000000 1.000000
0.997510 -0.066390 -0.023777 0.000000 0.067713 0.995901 0.059974 8.845900 0.019698 -0.061435 0.997917 0.000000 0.000000 0.000000 0.000000 1.000000
0.996741 -0.072506 -0.035355 0.000000 0.073594 0.996821 0.030526 8.845900 0.033030 -0.033029 0.998908 0.000000 0.000000 0.000000 0.000000 1.000000
0.996902 -0.065309 -0.043822 0.000000 0.064914 0.997837 -0.010385 8.845900 0.044405 0.007508 0.998985 0.000000 0.000000 0.000000 0.000000 1.000000
0.997688 -0.047939 -0.048181 0.000000 0.046331 0.998348 -0.033968 8.845900 0.049729 0.031657 0.998261 -0.000000 0.000000 0.000000 0.000000 1.000000
0.998006 -0.039732 -0.049043 -0.000000 0.037570 0.998315 -0.044232 8.845900 0.050718 0.042302 0.997817 -0.000000 0.000000 0.000000 0.000000 1.000000
0.997777 -0.046056 -0.048166 0.000000 0.043757 0.997901 -0.047747 8.845900 0.050264 0.045534 0.997697 0.000000 0.000000 0.000000 0.000000 1.000000
0.997266 -0.056870 -0.047174 0.000000 0.054853 0.997568 -0.043002 8.845900 0.049505 0.040297 0.997961 0.000000 0.000000 0.000000 0.000000 1.000000
0.997285 -0.060187 -0.042425 0.000000 0.059089 0.997896 -0.026681 8.845900 0.043942 0.024102 0.998743 0.000000 0.000000 0.000000 0.000000 1.000000
0.998528 -0.046358 -0.028145 0.000000 0.046328 0.998925 -0.001720 8.845900 0.028194 0.000413 0.999602 -0.000000 0.000000 0.000000 0.000000 1.000000
0.999602 -0.027067 -0.007969 -0.000000 0.027249 0.999345 0.023809 8.845900 0.007320 -0.024016 0.999685 -0.000000 0.000000 0.000000 0.000000 1.000000
0.999750 -0.020364 0.009212 0.000000 0.019906 0.998682 0.047308 8.845900 -0.010163 -0.047113 0.998838 0.000000 0.000000 0.000000 0.000000 1.000000
0.999506 -0.024243 0.020000 0.000000 0.022920 0.997690 0.063944 8.845900 -0.021504 -0.063454 0.997753 0.000000 0.000000 0.000000 0.000000 1.000000
0.999243 -0.028596 0.026384 -0.000000 0.026983 0.997858 0.059586 8.845900 -0.028031 -0.058829 0.997874 0.000000 0.000000 0.000000 0.000000 1.000000</float_array>
        <technique_common>
          <accessor source="#mixamorig_Spine1-Matrix-animation-output-transform-array" count="20" stride="16">
            <param type="float4x4"/>
          </accessor>
        </technique_common>
      </source>
      <source id="mixamorig_Spine1-Interpolations">
        <Name_array id="mixamorig_Spine1-Interpolations-array" count="20">
 LINEAR LINEAR LINEAR LINEAR LINEAR LINEAR LINEAR LINEAR LINEAR LINEAR LINEAR
LINEAR LINEAR LINEAR LINEAR LINEAR LINEAR LINEAR LINEAR LINEAR</Name_array>
        <technique_common>
          <accessor source="#mixamorig_Spine1-Interpolations-array" count="20">
            <param type="name"/>
          </accessor>
        </technique_common>
      </source>
      <sampler id="mixamorig_Spine1-Matrix-animation-transform">
        <input semantic="INPUT" source="#mixamorig_Spine1-Matrix-animation-input"/>
        <input semantic="OUTPUT" source="#mixamorig_Spine1-Matrix-animation-output-transform"/>
        <input semantic="INTERPOLATION" source="#mixamorig_Spine1-Interpolations"/>
      </sampler>
      <channel source="#mixamorig_Spine1-Matrix-animation-transform" target="mixamorig_Spine1/matrix"/>
    </animation>
    <animation id="mixamorig_Spine2-anim" name="mixamorig_Spine2">
      <source id="mixamorig_Spine2-Matrix-animation-input">
        <float_array id="mixamorig_Spine2-Matrix-animation-input-array" count="20">

0.000000 0.033333 0.066667 0.100000 0.133333 0.166667 0.200000 0.233333 0.266667 0.300000 0.333333 0.366667 0.400000 0.433333 0.466667 0.500000
0.533333 0.566667 0.600000 0.633333</float_array>
        <technique_common>
          <accessor source="#mixamorig_Spine2-Matrix-animation-input-array" count="20">
            <param name="TIME" type="float"/>
          </accessor>
        </technique_common>
      </source>
      <source id="mixamorig_Spine2-Matrix-animation-output-transform">
        <float_array id="mixamorig_Spine2-Matrix-animation-output-transform-array" count="320">

0.999290 -0.026438 0.026840 0.000000 0.024823 0.997960 0.058823 10.109600 -0.028340 -0.058115 0.997908 -0.000000 0.000000 0.000000 0.000000 1.000000
0.999221 -0.024535 0.030897 0.000000 0.023418 0.999077 0.036018 10.109600 -0.031753 -0.035266 0.998873 0.000000 0.000000 0.000000 0.000000 1.000000
0.999258 -0.015095 0.035431 0.000000 0.014717 0.999832 0.010922 10.109600 -0.035590 -0.010392 0.999312 -0.000000 0.000000 0.000000 0.000000 1.000000
0.999260 -0.003795 0.038267 0.000000 0.003842 0.999992 -0.001168 10.109600 -0.038262 0.001314 0.999267 0.000000 0.000000 0.000000 0.000000 1.000000
0.999489 -0.006701 0.031255 0.000000 0.006623 0.999975 0.002617 10.109600 -0.031272 -0.002408 0.999508 0.000000 0.000000 0.000000 0.000000 1.000000
0.999557 -0.026623 0.013305 0.000000 0.026320 0.999402 0.022433 10.109600 -0.013894 -0.022073 0.999660 0.000000 0.000000 0.000000 0.000000 1.000000
0.998673 -0.050897 -0.007813 0.000000 0.051228 0.997412 0.050441 10.109600 0.005225 -0.050775 0.998696 0.000000 0.000000 0.000000 0.000000 1.000000
0.997414 -0.067678 -0.024172 0.000000 0.068996 0.995893 0.058627 10.109600 0.020105 -0.060143 0.997987 0.000000 0.000000 0.000000 0.000000 1.000000
0.996714 -0.073098 -0.034898 0.000000 0.073947 0.996981 0.023698 10.109600 0.033060 -0.026201 0.999110 0.000000 0.000000 0.000000 0.000000 1.000000
0.997044 -0.064259 -0.042119 -0.000000 0.062725 0.997353 -0.036785 10.109600 0.044371 0.034035 0.998435 0.000000 0.000000 0.000000 0.000000 1.000000
0.997841 -0.046514 -0.046374 0.000000 0.042365 0.995329 -0.086746 10.109600 0.050193 0.084594 0.995151 0.000000 0.000000 0.000000 0.000000 1.000000
0.998209 -0.036190 -0.047639 -0.000000 0.030634 0.993169 -0.112587 10.109600 0.051388 0.110926 0.992499 -0.000000 0.000000 0.000000 0.000000 1.000000
0.998012 -0.041597 -0.047347 0.000000 0.035692 0.992207 -0.119380 10.109600 0.051944 0.117453 0.991719 0.000000 0.000000 0.000000 0.000000 1.000000
0.997474 -0.053856 -0.046306 -0.000000 0.048628 0.993022 -0.107441 10.109600 0.051769 0.104918 0.993133 0.000000 0.000000 0.000000 0.000000 1.000000
0.997507 -0.057449 -0.040984 0.000000 0.054417 0.995947 -0.071613 10.109600 0.044932 0.069204 0.996590 0.000000 0.000000 0.000000 0.000000 1.000000
0.998568 -0.045976 -0.027351 0.000000 0.045410 0.998748 -0.020986 10.109600 0.028281 0.019714 0.999406 0.000000 0.000000 0.000000 0.000000 1.000000
0.999509 -0.030220 -0.008241 0.000000 0.030399 0.999283 0.022573 10.109600 0.007553 -0.022813 0.999711 0.000000 0.000000 0.000000 0.000000 1.000000
0.999697 -0.022868 0.009100 -0.000000 0.022387 0.998508 0.049799 10.109600 -0.010225 -0.049580 0.998718 0.000000 0.000000 0.000000 0.000000 1.000000
0.999507 -0.023858 0.020414 0.000000 0.022516 0.997720 0.063625 10.109600 -0.021885 -0.063134 0.997765 0.000000 0.000000 0.000000 0.000000 1.000000
0.999290 -0.026438 0.026840 0.000000 0.024823 0.997960 0.058823 10.109600 -0.028340 -0.058115 0.997908 -0.000000 0.000000 0.000000 0.000000 1.000000</float_array>
        <technique_common>
          <accessor source="#mixamorig_Spine2-Matrix-animation-output-transform-array" count="20" stride="16">
            <param type="float4x4"/>
          </accessor>
        </technique_common>
      </source>
      <source id="mixamorig_Spine2-Interpolations">
        <Name_array id="mixamorig_Spine2-Interpolations-array" count="20">
 LINEAR LINEAR LINEAR LINEAR LINEAR LINEAR LINEAR LINEAR LINEAR LINEAR LINEAR
LINEAR LINEAR LINEAR LINEAR LINEAR LINEAR LINEAR LINEAR LINEAR</Name_array>
        <technique_common>
          <accessor source="#mixamorig_Spine2-Interpolations-array" count="20">
            <param type="name"/>
          </accessor>
        </technique_common>
      </source>
      <sampler id="mixamorig_Spine2-Matrix-animation-transform">
        <input semantic="INPUT" source="#mixamorig_Spine2-Matrix-animation-input"/>
        <input semantic="OUTPUT" source="#mixamorig_Spine2-Matrix-animation-output-transform"/>
        <input semantic="INTERPOLATION" source="#mixamorig_Spine2-Interpolations"/>
      </sampler>
      <channel source="#mixamorig_Spine2-Matrix-animation-transform" target="mixamorig_Spine2/matrix"/>
    </animation>
    <animation id="mixamorig_Neck-anim" name="mixamorig_Neck">
      <source id="mixamorig_Neck-Matrix-animation-input">
        <float_array id="mixamorig_Neck-Matrix-animation-input-array" count="20">

0.000000 0.033333 0.066667 0.100000 0.133333 0.166667 0.200000 0.233333 0.266667 0.300000 0.333333 0.366667 0.400000 0.433333 0.466667 0.500000
0.533333 0.566667 0.600000 0.633333</float_array>
        <technique_common>
          <accessor source="#mixamorig_Neck-Matrix-animation-input-array" count="20">
            <param name="TIME" type="float"/>
          </accessor>
        </technique_common>
      </source>
      <source id="mixamorig_Neck-Matrix-animation-output-transform">
        <float_array id="mixamorig_Neck-Matrix-animation-output-transform-array" count="320">

0.997638 0.053298 -0.043326 0.000000 -0.062499 0.966031 -0.250757 11.373300 0.028490 0.252872 0.967080 0.000000 0.000000 0.000000 0.000000 1.000000
0.997311 0.049108 -0.054405 0.000000 -0.062192 0.959802 -0.273702 11.373300 0.038777 0.276350 0.960275 0.000000 0.000000 0.000000 0.000000 1.000000
0.997083 0.045154 -0.061533 -0.000000 -0.059898 0.962605 -0.264203 11.373300 0.047302 0.267118 0.962502 0.000000 0.000000 0.000000 0.000000 1.000000
0.996757 0.048899 -0.063912 -0.000000 -0.062735 0.969586 -0.236575 11.373300 0.050400 0.239818 0.969509 -0.000000 0.000000 0.000000 0.000000 1.000000
0.995863 0.068002 -0.060279 0.000000 -0.079595 0.972799 -0.217548 11.373300 0.043846 0.221446 0.974186 0.000000 0.000000 0.000000 0.000000 1.000000
0.994636 0.089707 -0.051491 0.000000 -0.098873 0.970795 -0.218588 11.373300 0.030378 0.222507 0.974458 0.000000 0.000000 0.000000 0.000000 1.000000
0.994640 0.095922 -0.038607 0.000000 -0.102218 0.968446 -0.227297 11.373300 0.015586 0.230025 0.973060 -0.000000 0.000000 0.000000 0.000000 1.000000
0.996559 0.079799 -0.022407 0.000000 -0.082790 0.971288 -0.223036 11.373300 0.003966 0.224124 0.974553 0.000000 0.000000 0.000000 0.000000 1.000000
0.998655 0.051652 -0.004504 0.000000 -0.051492 0.977867 -0.202790 11.373300 -0.006070 0.202749 0.979212 -0.000000 0.000000 0.000000 0.000000 1.000000
0.999509 0.028960 0.011937 0.000000 -0.026310 0.982982 -0.181809 11.373300 -0.016999 0.181406 0.983261 0.000000 0.000000 0.000000 0.000000 1.000000
0.999507 0.020664 0.023652 0.000000 -0.016303 0.985023 -0.171651 11.373300 -0.026845 0.171180 0.984874 0.000000 0.000000 0.000000 0.000000 1.000000
0.999336 0.021562 0.029367 0.000000 -0.016323 0.985618 -0.168198 11.373300 -0.032571 0.167607 0.985316 0.000000 0.000000 0.000000 0.000000 1.000000
0.999316 0.021724 0.029918 0.000000 -0.016579 0.986554 -0.162590 11.373300 -0.033048 0.161983 0.986240 0.000000 0.000000 0.000000 0.000000 1.000000
0.999471 0.018756 0.026575 0.000000 -0.014456 0.988024 -0.153623 11.373300 -0.029138 0.153157 0.987772 0.000000 0.000000 0.000000 0.000000 1.000000
0.999633 0.018272 0.019987 0.000000 -0.015167 0.989204 -0.145757 11.373300 -0.022434 0.145400 0.989119 -0.000000 0.000000 0.000000 0.000000 1.000000
0.999631 0.025008 0.010565 -0.000000 -0.023244 0.989470 -0.142859 11.373300 -0.014026 0.142561 0.989687 0.000000 0.000000 0.000000 0.000000 1.000000
0.999300 0.037395 -0.001129 0.000000 -0.037147 0.988185 -0.148693 11.373300 -0.004445 0.148631 0.988883 0.000000 0.000000 0.000000 0.000000 1.000000
0.998672 0.049430 -0.014514 0.000000 -0.051169 0.984425 -0.168191 11.373300 0.005974 0.168711 0.985647 -0.000000 0.000000 0.000000 0.000000 1.000000
0.998074 0.054768 -0.029129 0.000000 -0.059607 0.976761 -0.205875 11.373300 0.017177 0.207215 0.978145 0.000000 0.000000 0.000000 0.000000 1.000000
0.997638 0.053298 -0.043326 0.000000 -0.062499 0.966031 -0.250757 11.373300 0.028490 0.252872 0.967080 -0.000000 0.000000 0.000000 0.000000 1.000000</float_array>
        <technique_common>
          <accessor source="#mixamorig_Neck-Matrix-animation-output-transform-array" count="20" stride="16">
            <param type="float4x4"/>
          </accessor>
        </technique_common>
      </source>
      <source id="mixamorig_Neck-Interpolations">
        <Name_array id="mixamorig_Neck-Interpolations-array" count="20">
 LINEAR LINEAR LINEAR LINEAR LINEAR LINEAR LINEAR LINEAR LINEAR LINEAR LINEAR
LINEAR LINEAR LINEAR LINEAR LINEAR LINEAR LINEAR LINEAR LINEAR</Name_array>
        <technique_common>
          <accessor source="#mixamorig_Neck-Interpolations-array" count="20">
            <param type="name"/>
          </accessor>
        </technique_common>
      </source>
      <sampler id="mixamorig_Neck-Matrix-animation-transform">
        <input semantic="INPUT" source="#mixamorig_Neck-Matrix-animation-input"/>
        <input semantic="OUTPUT" source="#mixamorig_Neck-Matrix-animation-output-transform"/>
        <input semantic="INTERPOLATION" source="#mixamorig_Neck-Interpolations"/>
      </sampler>
      <channel source="#mixamorig_Neck-Matrix-animation-transform" target="mixamorig_Neck/matrix"/>
    </animation>
    <animation id="mixamorig_Head-anim" name="mixamorig_Head">
      <source id="mixamorig_Head-Matrix-animation-input">
        <float_array id="mixamorig_Head-Matrix-animation-input-array" count="20">

0.000000 0.033333 0.066667 0.100000 0.133333 0.166667 0.200000 0.233333 0.266667 0.300000 0.333333 0.366667 0.400000 0.433333 0.466667 0.500000
0.533333 0.566667 0.600000 0.633333</float_array>
        <technique_common>
          <accessor source="#mixamorig_Head-Matrix-animation-input-array" count="20">
            <param name="TIME" type="float"/>
          </accessor>
        </technique_common>
      </source>
      <source id="mixamorig_Head-Matrix-animation-output-transform">
        <float_array id="mixamorig_Head-Matrix-animation-output-transform-array" count="320">

0.993232 0.004900 -0.116040 0.000000 0.034669 0.941052 0.336481 8.859100 0.110848 -0.338227 0.934513 2.700600 0.000000 0.000000 0.000000 1.000000
0.984829 0.005854 -0.173431 -0.000000 0.047660 0.951873 0.302764 8.859100 0.166857 -0.306436 0.937153 2.700600 0.000000 0.000000 0.000000 1.000000
0.977517 0.008230 -0.210696 0.000000 0.051257 0.959990 0.275302 8.859100 0.204531 -0.279912 0.937985 2.700600 0.000000 0.000000 0.000000 1.000000
0.974699 0.004843 -0.223471 -0.000000 0.057343 0.960889 0.270932 8.859100 0.216043 -0.276892 0.936299 2.700600 0.000000 0.000000 0.000000 1.000000
0.977395 -0.002644 -0.211406 -0.000000 0.064650 0.955764 0.286941 8.859100 0.201295 -0.294122 0.934330 2.700600 0.000000 0.000000 0.000000 1.000000
0.983545 -0.010657 -0.180348 -0.000000 0.069123 0.944499 0.321160 8.859100 0.166916 -0.328342 0.929694 2.700600 0.000000 0.000000 0.000000 1.000000
0.990516 -0.018776 -0.136111 -0.000000 0.067429 0.929555 0.362466 8.859100 0.119717 -0.368206 0.922004 2.700600 0.000000 0.000000 0.000000 1.000000
0.997018 -0.021193 -0.074200 0.000000 0.048622 0.919199 0.390781 8.859100 0.059923 -0.393223 0.917488 2.700600 0.000000 0.000000 0.000000 1.000000
0.999854 -0.014093 0.009654 -0.000000 0.009249 0.921757 0.387658 8.859100 -0.014362 -0.387512 0.921753 2.700600 0.000000 0.000000 0.000000 1.000000
0.995111 -0.002489 0.098733 -0.000000 -0.032423 0.936046 0.350381 8.859100 -0.093291 -0.351869 0.931389 2.700600 0.000000 0.000000 0.000000 1.000000
0.986898 0.006315 0.161220 -0.000000 -0.054803 0.952945 0.298147 8.859100 -0.151751 -0.303076 0.940806 2.700600 0.000000 0.000000 0.000000 1.000000
0.982845 0.011978 0.184042 -0.000000 -0.060791 0.963162 0.261959 8.859100 -0.174124 -0.268653 0.947368 2.700600 0.000000 0.000000 0.000000 1.000000
0.983236 0.021030 0.181120 0.000000 -0.068906 0.962521 0.262309 8.859100 -0.168815 -0.270392 0.947834 2.700600 0.000000 0.000000 0.000000 1.000000
0.985799 0.034980 0.164246 -0.000000 -0.082288 0.953215 0.290879 8.859100 -0.146387 -0.300263 0.942557 2.700600 0.000000 0.000000 0.000000 1.000000
0.990290 0.045710 0.131290 -0.000000 -0.085803 0.944024 0.318522 8.859100 -0.109381 -0.326694 0.938780 2.700600 0.000000 0.000000 0.000000 1.000000
0.995242 0.047105 0.085285 -0.000000 -0.072656 0.942037 0.327547 8.859100 -0.064913 -0.332185 0.940978 2.700600 0.000000 0.000000 0.000000 1.000000
0.998437 0.039398 0.039638 0.000000 -0.050259 0.943151 0.328543 8.859100 -0.024441 -0.330021 0.943657 2.700600 0.000000 0.000000 0.000000 1.000000
0.999691 0.024814 -0.001696 0.000000 -0.022785 0.941003 0.337629 8.859100 0.009974 -0.337486 0.941278 2.700600 0.000000 0.000000 0.000000 1.000000
0.998552 0.010984 -0.052669 -0.000000 0.008140 0.936828 0.349696 8.859100 0.053183 -0.349618 0.935382 2.700600 0.000000 0.000000 0.000000 1.000000
0.993232 0.004900 -0.116040 0.000000 0.034669 0.941052 0.336481 8.859100 0.110848 -0.338227 0.934513 2.700600 0.000000 0.000000 0.000000 1.000000</float_array>
        <technique_common>
          <accessor source="#mixamorig_Head-Matrix-animation-output-transform-array" count="20" stride="16">
            <param type="float4x4"/>
          </accessor>
        </technique_common>
      </source>
      <source id="mixamorig_Head-Interpolations">
        <Name_array id="mixamorig_Head-Interpolations-array" count="20">
 LINEAR LINEAR LINEAR LINEAR LINEAR LINEAR LINEAR LINEAR LINEAR LINEAR LINEAR
LINEAR LINEAR LINEAR LINEAR LINEAR LINEAR LINEAR LINEAR LINEAR</Name_array>
        <technique_common>
          <accessor source="#mixamorig_Head-Interpolations-array" count="20">
            <param type="name"/>
          </accessor>
        </technique_common>
      </source>
      <sampler id="mixamorig_Head-Matrix-animation-transform">
        <input semantic="INPUT" source="#mixamorig_Head-Matrix-animation-input"/>
        <input semantic="OUTPUT" source="#mixamorig_Head-Matrix-animation-output-transform"/>
        <input semantic="INTERPOLATION" source="#mixamorig_Head-Interpolations"/>
      </sampler>
      <channel source="#mixamorig_Head-Matrix-animation-transform" target="mixamorig_Head/matrix"/>
    </animation>
    <animation id="mixamorig_LeftShoulder-anim" name="mixamorig_LeftShoulder">
      <source id="mixamorig_LeftShoulder-Matrix-animation-input">
        <float_array id="mixamorig_LeftShoulder-Matrix-animation-input-array" count="20">

0.000000 0.033333 0.066667 0.100000 0.133333 0.166667 0.200000 0.233333 0.266667 0.300000 0.333333 0.366667 0.400000 0.433333 0.466667 0.500000
0.533333 0.566667 0.600000 0.633333</float_array>
        <technique_common>
          <accessor source="#mixamorig_LeftShoulder-Matrix-animation-input-array" count="20">
            <param name="TIME" type="float"/>
          </accessor>
        </technique_common>
      </source>
      <source id="mixamorig_LeftShoulder-Matrix-animation-output-transform">
        <float_array id="mixamorig_LeftShoulder-Matrix-animation-output-transform-array" count="320">

0.080018 0.886948 -0.454885 4.895200 0.050345 -0.459362 -0.886821 9.510200 -0.995521 0.048060 -0.081411 -0.249100 0.000000 0.000000 0.000000 1.000000
0.078442 0.894781 -0.439561 4.895200 0.047804 -0.443788 -0.894856 9.510200 -0.995772 0.049181 -0.077586 -0.249100 0.000000 0.000000 0.000000 1.000000
0.078328 0.899133 -0.430610 4.895200 0.046516 -0.434763 -0.899343 9.510200 -0.995842 0.050414 -0.075878 -0.249100 0.000000 0.000000 0.000000 1.000000
0.085447 0.888267 -0.451310 4.895200 0.050925 -0.456268 -0.888384 9.510200 -0.995040 0.052927 -0.084222 -0.249100 0.000000 0.000000 0.000000 1.000000
0.100440 0.861381 -0.497931 4.895200 0.060629 -0.504831 -0.861087 9.510200 -0.993094 0.056298 -0.102930 -0.249100 0.000000 0.000000 0.000000 1.000000
0.119381 0.836765 -0.534390 4.895200 0.069892 -0.543987 -0.836178 9.510200 -0.990385 0.062474 -0.123425 -0.249100 0.000000 0.000000 0.000000 1.000000
0.130703 0.826142 -0.548094 4.895200 0.074249 -0.559440 -0.825538 9.510200 -0.988637 0.067205 -0.134461 -0.249100 0.000000 0.000000 0.000000 1.000000
0.106087 0.841181 -0.530246 4.895200 0.067342 -0.538108 -0.840181 9.510200 -0.992074 0.053424 -0.113733 -0.249100 0.000000 0.000000 0.000000 1.000000
0.053601 0.871598 -0.487281 4.895200 0.050879 -0.489733 -0.870387 9.510200 -0.997265 0.021861 -0.070596 -0.249100 0.000000 0.000000 0.000000 1.000000
0.007021 0.901332 -0.433071 4.895200 0.034068 -0.433046 -0.900728 9.510200 -0.999395 -0.008430 -0.033747 -0.249100 0.000000 0.000000 0.000000 1.000000
-0.025078 0.918125 -0.395497 4.895200 0.022351 -0.395008 -0.918406 9.510200 -0.999436 -0.031872 -0.010615 -0.249100 0.000000 0.000000 0.000000 1.000000
-0.032616 0.918345 -0.394433 4.895200 0.020745 -0.393936 -0.918904 9.510200 -0.999253 -0.038154 -0.006202 -0.249100 0.000000 0.000000 0.000000 1.000000
-0.014988 0.912249 -0.409362 4.895200 0.026347 -0.408906 -0.912196 9.510200 -0.999540 -0.024457 -0.017907 -0.249100 0.000000 0.000000 0.000000 1.000000
0.012348 0.902685 -0.430125 4.895200 0.034790 -0.430285 -0.902022 9.510200 -0.999318 -0.003826 -0.036718 -0.249100 0.000000 0.000000 0.000000 1.000000
0.036393 0.890654 -0.453222 4.895200 0.042439 -0.454491 -0.889740 9.510200 -0.998436 0.013146 -0.054338 -0.249100 0.000000 0.000000 0.000000 1.000000
0.056693 0.880713 -0.470245 4.895200 0.048568 -0.472878 -0.879789 9.510200 -0.997210 0.027039 -0.069583 -0.249100 0.000000 0.000000 0.000000 1.000000
0.081402 0.868676 -0.488647 4.895200 0.056180 -0.493494 -0.867933 9.510200 -0.995097 0.043200 -0.088973 -0.249100 0.000000 0.000000 0.000000 1.000000
0.094376 0.863271 -0.495839 4.895200 0.059646 -0.502070 -0.862768 9.510200 -0.993748 0.051850 -0.098874 -0.249100 0.000000 0.000000 0.000000 1.000000
0.085485 0.875983 -0.474707 4.895200 0.054680 -0.479858 -0.875641 9.510200 -0.994838 0.048897 -0.088919 -0.249100 0.000000 0.000000 0.000000 1.000000
0.080018 0.886948 -0.454885 4.895200 0.050345 -0.459362 -0.886821 9.510200 -0.995521 0.048060 -0.081411 -0.249100 0.000000 0.000000 0.000000 1.000000</float_array>
        <technique_common>
          <accessor source="#mixamorig_LeftShoulder-Matrix-animation-output-transform-array" count="20" stride="16">
            <param type="float4x4"/>
          </accessor>
        </technique_common>
      </source>
      <source id="mixamorig_LeftShoulder-Interpolations">
        <Name_array id="mixamorig_LeftShoulder-Interpolations-array" count="20">
 LINEAR LINEAR LINEAR LINEAR LINEAR LINEAR LINEAR LINEAR LINEAR LINEAR LINEAR
LINEAR LINEAR LINEAR LINEAR LINEAR LINEAR LINEAR LINEAR LINEAR</Name_array>
        <technique_common>
          <accessor source="#mixamorig_LeftShoulder-Interpolations-array" count="20">
            <param type="name"/>
          </accessor>
        </technique_common>
      </source>
      <sampler id="mixamorig_LeftShoulder-Matrix-animation-transform">
        <input semantic="INPUT" source="#mixamorig_LeftShoulder-Matrix-animation-input"/>
        <input semantic="OUTPUT" source="#mixamorig_LeftShoulder-Matrix-animation-output-transform"/>
        <input semantic="INTERPOLATION" source="#mixamorig_LeftShoulder-Interpolations"/>
      </sampler>
      <channel source="#mixamorig_LeftShoulder-Matrix-animation-transform" target="mixamorig_LeftShoulder/matrix"/>
    </animation>
    <animation id="mixamorig_LeftArm-anim" name="mixamorig_LeftArm">
      <source id="mixamorig_LeftArm-Matrix-animation-input">
        <float_array id="mixamorig_LeftArm-Matrix-animation-input-array" count="20">

0.000000 0.033333 0.066667 0.100000 0.133333 0.166667 0.200000 0.233333 0.266667 0.300000 0.333333 0.366667 0.400000 0.433333 0.466667 0.500000
0.533333 0.566667 0.600000 0.633333</float_array>
        <technique_common>
          <accessor source="#mixamorig_LeftArm-Matrix-animation-input-array" count="20">
            <param name="TIME" type="float"/>
          </accessor>
        </technique_common>
      </source>
      <source id="mixamorig_LeftArm-Matrix-animation-output-transform">
        <float_array id="mixamorig_LeftArm-Matrix-animation-output-transform-array" count="320">

0.383250 0.842799 0.377902 -0.000000 -0.515664 0.534679 -0.669484 9.318900 -0.766296 0.061709 0.639517 -0.000000 0.000000 0.000000 0.000000 1.000000
0.273301 0.871137 0.407954 0.000000 -0.596529 0.486191 -0.638570 9.318900 -0.754626 -0.068834 0.652535 -0.000000 0.000000 0.000000 0.000000 1.000000
0.274936 0.885981 0.373426 -0.000000 -0.632047 0.459226 -0.624201 9.318900 -0.724518 -0.064408 0.686240 -0.000000 0.000000 0.000000 0.000000 1.000000
0.385067 0.878155 0.283845 0.000000 -0.629072 0.474793 -0.615501 9.318900 -0.675272 0.058450 0.735249 0.000000 0.000000 0.000000 0.000000 1.000000
0.539840 0.823432 0.174739 0.000000 -0.593727 0.519625 -0.614392 9.318900 -0.596709 0.227926 0.769408 0.000000 0.000000 0.000000 0.000000 1.000000
0.689106 0.716577 0.107941 0.000000 -0.512287 0.587069 -0.626827 9.318900 -0.512539 0.376654 0.771645 0.000000 0.000000 0.000000 0.000000 1.000000
0.843343 0.528926 0.094914 0.000000 -0.360914 0.688366 -0.629201 9.318900 -0.398137 0.496377 0.771426 -0.000000 0.000000 0.000000 0.000000 1.000000
0.976323 0.205426 0.067771 0.000000 -0.119160 0.772219 -0.624082 9.318900 -0.180536 0.601231 0.778414 0.000000 0.000000 0.000000 0.000000 1.000000
0.982171 -0.185755 -0.028906 0.000000 0.125125 0.760706 -0.636922 9.318900 0.140301 0.621950 0.770386 0.000000 0.000000 0.000000 0.000000 1.000000
0.874987 -0.457995 -0.156967 0.000000 0.264682 0.723989 -0.637011 9.318900 0.405390 0.515831 0.754704 0.000000 0.000000 0.000000 0.000000 1.000000
0.790016 -0.565911 -0.235839 0.000000 0.344245 0.727767 -0.593169 9.318900 0.507317 0.387427 0.769760 -0.000000 0.000000 0.000000 0.000000 1.000000
0.784627 -0.580547 -0.217545 0.000000 0.403755 0.744780 -0.531304 9.318900 0.470470 0.329041 0.818774 0.000000 0.000000 0.000000 0.000000 1.000000
0.861836 -0.498187 -0.095118 0.000000 0.390950 0.772008 -0.501160 9.318900 0.323104 0.394732 0.860111 0.000000 0.000000 0.000000 0.000000 1.000000
0.960256 -0.267604 0.079349 -0.000000 0.267010 0.797862 -0.540483 9.318900 0.081326 0.540189 0.837605 0.000000 0.000000 0.000000 0.000000 1.000000
0.977403 0.046632 0.206176 0.000000 0.094642 0.775604 -0.624084 9.318900 -0.189013 0.629494 0.753665 -0.000000 0.000000 0.000000 0.000000 1.000000
0.918387 0.319276 0.233725 0.000000 -0.077779 0.724830 -0.684523 9.318900 -0.387963 0.610478 0.690508 0.000000 0.000000 0.000000 0.000000 1.000000
0.831466 0.516971 0.203485 -0.000000 -0.242912 0.667672 -0.703710 9.318900 -0.499658 0.535682 0.680725 0.000000 0.000000 0.000000 0.000000 1.000000
0.719569 0.662782 0.207222 0.000000 -0.356103 0.608373 -0.709276 9.318900 -0.596164 0.436581 0.673785 0.000000 0.000000 0.000000 0.000000 1.000000
0.560532 0.774946 0.291998 0.000000 -0.424481 0.571618 -0.702189 9.318900 -0.711070 0.269652 0.649360 0.000000 0.000000 0.000000 0.000000 1.000000
0.383250 0.842799 0.377902 -0.000000 -0.515664 0.534679 -0.669484 9.318900 -0.766296 0.061709 0.639517 0.000000 0.000000 0.000000 0.000000 1.000000</float_array>
        <technique_common>
          <accessor source="#mixamorig_LeftArm-Matrix-animation-output-transform-array" count="20" stride="16">
            <param type="float4x4"/>
          </accessor>
        </technique_common>
      </source>
      <source id="mixamorig_LeftArm-Interpolations">
        <Name_array id="mixamorig_LeftArm-Interpolations-array" count="20">
 LINEAR LINEAR LINEAR LINEAR LINEAR LINEAR LINEAR LINEAR LINEAR LINEAR LINEAR
LINEAR LINEAR LINEAR LINEAR LINEAR LINEAR LINEAR LINEAR LINEAR</Name_array>
        <technique_common>
          <accessor source="#mixamorig_LeftArm-Interpolations-array" count="20">
            <param type="name"/>
          </accessor>
        </technique_common>
      </source>
      <sampler id="mixamorig_LeftArm-Matrix-animation-transform">
        <input semantic="INPUT" source="#mixamorig_LeftArm-Matrix-animation-input"/>
