<?xml version="1.0" encoding="utf-8"?>
<COLLADA xmlns="http://www.collada.org/2005/11/COLLADASchema" version="1.4.1">
  <asset>
    <contributor>
      <author>Mixamo</author>
      <authoring_tool>COLLADA Mixamo exporter</authoring_tool>
      <comments/>
    </contributor>
    <created>2022-05-03T01:55:53Z</created>
    <modified>2022-05-03T01:55:53Z</modified>
    <revision/>
    <title/>
    <unit meter="0.010000"/>
    <up_axis>Y_UP</up_axis>
  </asset>
  <library_animations>
    <animation id="mixamorig_Hips-anim" name="mixamorig_Hips">
      <source id="mixamorig_Hips-Matrix-animation-input">
        <float_array id="mixamorig_Hips-Matrix-animation-input-array" count="163">

0.000000 0.033333 0.066667 0.100000 0.133333 0.166667 0.200000 0.233333 0.266667 0.300000 0.333333 0.366667 0.400000 0.433333 0.466667 0.500000
0.533333 0.566667 0.600000 0.633333 0.666667 0.700000 0.733333 0.766667 0.800000 0.833333 0.866667 0.900000 0.933333 0.966667 1.000000 1.033333
1.066667 1.100000 1.133333 1.166667 1.200000 1.233333 1.266667 1.300000 1.333333 1.366667 1.400000 1.433333 1.466667 1.500000 1.533333 1.566667
1.600000 1.633333 1.666667 1.700000 1.733333 1.766667 1.800000 1.833333 1.866667 1.900000 1.933333 1.966667 2.000000 2.033333 2.066667 2.100000
2.133333 2.166667 2.200000 2.233333 2.266667 2.300000 2.333333 2.366667 2.400000 2.433333 2.466667 2.500000 2.533333 2.566667 2.600000 2.633333
2.666667 2.700000 2.733333 2.766667 2.800000 2.833333 2.866667 2.900000 2.933333 2.966667 3.000000 3.033333 3.066667 3.100000 3.133333 3.166667
3.200000 3.233333 3.266667 3.300000 3.333333 3.366667 3.400000 3.433333 3.466667 3.500000 3.533333 3.566667 3.600000 3.633333 3.666667 3.700000
3.733333 3.766667 3.800000 3.833333 3.866667 3.900000 3.933333 3.966667 4.000000 4.033333 4.066667 4.100000 4.133333 4.166667 4.200000 4.233333
4.266667 4.300000 4.333333 4.366667 4.400000 4.433333 4.466667 4.500000 4.533333 4.566667 4.600000 4.633333 4.666667 4.700000 4.733333 4.766667
4.800000 4.833333 4.866667 4.900000 4.933333 4.966667 5.000000 5.033333 5.066667 5.100000 5.133333 5.166667 5.200000 5.233333 5.266667 5.300000
5.333333 5.366667 5.400000</float_array>
        <technique_common>
          <accessor source="#mixamorig_Hips-Matrix-animation-input-array" count="163">
            <param name="TIME" type="float"/>
          </accessor>
        </technique_common>
      </source>
      <source id="mixamorig_Hips-Matrix-animation-output-transform">
        <float_array id="mixamorig_Hips-Matrix-animation-output-transform-array" count="2608">

0.999547 -0.007725 -0.029098 0.044527 0.009799 0.997370 0.071814 95.870483 0.028466 -0.072067 0.996994 0.009575 0.000000 0.000000 0.000000 1.000000
0.999629 -0.009072 -0.025693 -0.011630 0.011037 0.996940 0.077394 95.795776 0.024913 -0.077649 0.996669 -0.436957 0.000000 0.000000 0.000000 1.000000
0.999703 -0.010133 -0.022159 -0.060397 0.011939 0.996479 0.082989 95.715332 0.021240 -0.083229 0.996304 -0.927633 0.000000 0.000000 0.000000 1.000000
0.999775 -0.011476 -0.017842 -0.114435 0.013007 0.996021 0.088166 95.621819 0.016760 -0.088379 0.995946 -1.439695 0.000000 0.000000 0.000000 1.000000
0.999846 -0.012220 -0.012585 -0.173570 0.013335 0.995602 0.092727 95.524536 0.011396 -0.092881 0.995612 -1.988143 0.000000 0.000000 0.000000 1.000000
0.999887 -0.013051 -0.007459 -0.244717 0.013706 0.995294 0.095925 95.428284 0.006172 -0.096017 0.995361 -2.604838 0.000000 0.000000 0.000000 1.000000
0.999881 -0.015345 -0.001816 -0.299412 0.015448 0.995242 0.096200 95.316292 0.000331 -0.096217 0.995360 -3.281105 0.000000 0.000000 0.000000 1.000000
0.999827 -0.017184 0.007146 -0.331246 0.016440 0.995472 0.093626 95.182335 -0.008722 -0.093492 0.995582 -4.085173 0.000000 0.000000 0.000000 1.000000
0.999547 -0.014737 0.026259 -0.409653 0.012528 0.996522 0.082383 95.003548 -0.027382 -0.082017 0.996255 -5.039516 0.000000 0.000000 0.000000 1.000000
0.998258 -0.007969 0.058459 -0.592533 0.004057 0.997763 0.066731 94.815216 -0.058860 -0.066377 0.996057 -6.034934 0.000000 0.000000 0.000000 1.000000
0.995048 -0.004022 0.099312 -0.923384 -0.001686 0.998354 0.057331 94.575607 -0.099379 -0.057215 0.993403 -6.953854 0.000000 0.000000 0.000000 1.000000
0.989605 -0.018463 0.142623 -1.424749 0.004966 0.995521 0.094411 94.523964 -0.143728 -0.092721 0.985264 -7.658496 0.000000 0.000000 0.000000 1.000000
0.976451 -0.024656 0.214325 -1.910564 0.000665 0.993787 0.111296 94.456902 -0.215738 -0.108532 0.970401 -8.449471 0.000000 0.000000 0.000000 1.000000
0.955083 -0.035787 0.294170 -2.464710 -0.003642 0.991188 0.132409 94.158661 -0.296316 -0.127533 0.946537 -9.196893 0.000000 0.000000 0.000000 1.000000
0.923509 -0.060444 0.378783 -3.196478 0.006166 0.989718 0.142900 93.223389 -0.383526 -0.129634 0.914387 -10.108181 0.000000 0.000000 0.000000 1.000000
0.888547 -0.083422 0.451138 -4.174557 0.017748 0.988844 0.147896 90.495697 -0.458443 -0.123406 0.880114 -11.233633 0.000000 0.000000 0.000000 1.000000
0.863611 -0.098592 0.494425 -5.111243 0.034677 0.989986 0.136841 87.357170 -0.502965 -0.101032 0.858381 -12.466994 0.000000 0.000000 0.000000 1.000000
0.857639 -0.083521 0.507425 -5.805923 0.022977 0.991961 0.124440 84.985855 -0.513739 -0.095066 0.852663 -14.349518 0.000000 0.000000 0.000000 1.000000
0.849908 -0.065252 0.522875 -5.863274 -0.010005 0.990126 0.139826 84.103340 -0.526836 -0.124071 0.840863 -16.193092 0.000000 0.000000 0.000000 1.000000
0.830235 -0.091150 0.549911 -5.753493 -0.000443 0.986431 0.164174 84.129822 -0.557413 -0.136547 0.818929 -17.261833 0.000000 0.000000 0.000000 1.000000
0.831101 -0.099187 0.547204 -5.540412 0.017211 0.988082 0.152962 84.159721 -0.555855 -0.117709 0.822903 -18.242954 0.000000 0.000000 0.000000 1.000000
0.841286 -0.099047 0.531440 -5.139236 0.028316 0.989796 0.139647 84.027382 -0.539849 -0.102435 0.835506 -19.247974 0.000000 0.000000 0.000000 1.000000
0.836840 -0.109598 0.536365 -4.805151 0.042931 0.989876 0.135285 84.460709 -0.545762 -0.090185 0.833073 -20.197792 0.000000 0.000000 0.000000 1.000000
0.814781 -0.116236 0.567997 -4.584206 0.058845 0.991217 0.118432 85.089249 -0.576775 -0.063072 0.814465 -21.024637 0.000000 0.000000 0.000000 1.000000
0.791148 -0.109419 0.601757 -4.416721 0.066029 0.993397 0.093820 86.023743 -0.608050 -0.034492 0.793149 -21.756325 0.000000 0.000000 0.000000 1.000000
0.778489 -0.095430 0.620361 -4.234162 0.074699 0.995436 0.059387 87.172791 -0.623197 0.000108 0.782065 -22.449596 0.000000 0.000000 0.000000 1.000000
0.764599 -0.079276 0.639612 -4.113127 0.088957 0.995889 0.017094 88.567131 -0.638338 0.043828 0.768508 -22.970434 0.000000 0.000000 0.000000 1.000000
0.740245 -0.056579 0.669953 -4.142127 0.103070 0.994224 -0.029921 89.900650 -0.664390 0.091201 0.741800 -23.158129 0.000000 0.000000 0.000000 1.000000
0.713847 -0.026591 0.699797 -4.263737 0.114355 0.990292 -0.079021 90.938553 -0.690902 0.136434 0.709958 -23.079916 0.000000 0.000000 0.000000 1.000000
0.699337 0.005646 0.714770 -4.418051 0.127168 0.983033 -0.132187 91.666542 -0.703389 0.183339 0.686753 -22.868124 0.000000 0.000000 0.000000 1.000000
0.695330 0.038981 0.717633 -4.561640 0.137869 0.972748 -0.186422 91.876541 -0.705343 0.228564 0.671006 -22.592110 0.000000 0.000000 0.000000 1.000000
0.692079 0.070596 0.718361 -4.685030 0.146719 0.960672 -0.235761 92.184242 -0.706753 0.268563 0.654503 -22.467678 0.000000 0.000000 0.000000 1.000000
0.699870 0.089007 0.708703 -4.748369 0.156481 0.948996 -0.273716 92.509857 -0.696919 0.302465 0.650245 -21.961597 0.000000 0.000000 0.000000 1.000000
0.730513 0.092246 0.676640 -4.550714 0.149070 0.945399 -0.289825 92.305481 -0.666430 0.312588 0.676875 -21.024559 0.000000 0.000000 0.000000 1.000000
0.776503 0.092869 0.623233 -4.346333 0.124992 0.946723 -0.296803 92.004623 -0.617593 0.308367 0.723525 -20.213951 0.000000 0.000000 0.000000 1.000000
0.825070 0.092888 0.557343 -4.247201 0.100826 0.946360 -0.306980 91.919235 -0.555962 0.309475 0.771448 -19.506714 0.000000 0.000000 0.000000 1.000000
0.865340 0.090141 0.493012 -4.206770 0.080910 0.945664 -0.314917 91.933350 -0.494611 0.312400 0.811028 -18.723381 0.000000 0.000000 0.000000 1.000000
0.894604 0.090544 0.437592 -4.215656 0.060005 0.946047 -0.318424 92.087479 -0.442814 0.311121 0.840904 -18.067551 0.000000 0.000000 0.000000 1.000000
0.916056 0.094546 0.389747 -4.310998 0.037054 0.947705 -0.316988 92.444206 -0.399335 0.304821 0.864648 -17.422005 0.000000 0.000000 0.000000 1.000000
0.933210 0.094368 0.346719 -4.496011 0.018798 0.950757 -0.309368 92.834465 -0.358840 0.295223 0.885482 -16.755732 0.000000 0.000000 0.000000 1.000000
0.948182 0.087427 0.305462 -4.762710 0.007315 0.955135 -0.296080 93.233704 -0.317643 0.282973 0.905003 -16.048948 0.000000 0.000000 0.000000 1.000000
0.960832 0.075870 0.266545 -5.120090 0.001173 0.960674 -0.277675 93.567886 -0.277130 0.267112 0.922957 -15.319633 0.000000 0.000000 0.000000 1.000000
0.969354 0.063851 0.237227 -5.556324 -0.000136 0.965773 -0.259390 93.560112 -0.245670 0.251408 0.936184 -14.564603 0.000000 0.000000 0.000000 1.000000
0.973045 0.053837 0.224243 -6.005204 0.002148 0.970210 -0.242255 92.988495 -0.230605 0.236207 0.943943 -13.895400 0.000000 0.000000 0.000000 1.000000
0.973869 0.041947 0.223203 -6.430374 0.008842 0.975046 -0.221825 91.930946 -0.226938 0.218002 0.949197 -13.390911 0.000000 0.000000 0.000000 1.000000
0.974957 0.043654 0.218068 -6.774739 0.002859 0.978005 -0.208563 91.090851 -0.222376 0.203963 0.953388 -12.874272 0.000000 0.000000 0.000000 1.000000
0.978694 0.052397 0.198525 -6.971717 -0.010907 0.978792 -0.204566 90.770660 -0.205033 0.198042 0.958510 -12.320440 0.000000 0.000000 0.000000 1.000000
0.983121 0.042458 0.177962 -7.048560 -0.006706 0.980408 -0.196861 91.076164 -0.182834 0.192345 0.964145 -11.750138 0.000000 0.000000 0.000000 1.000000
0.984596 0.027065 0.172740 -7.128283 0.005856 0.982288 -0.187285 91.807190 -0.174749 0.185411 0.966998 -11.175949 0.000000 0.000000 0.000000 1.000000
0.984638 0.010098 0.174315 -7.180684 0.021421 0.983799 -0.177992 92.747482 -0.173288 0.178992 0.968470 -10.602321 0.000000 0.000000 0.000000 1.000000
0.984842 -0.006451 0.173333 -7.188512 0.036523 0.984616 -0.170870 93.627762 -0.169564 0.174611 0.969927 -10.024951 0.000000 0.000000 0.000000 1.000000
0.986086 -0.016827 0.165380 -7.141054 0.044029 0.985771 -0.162225 94.367592 -0.160298 0.167250 0.972796 -9.466787 0.000000 0.000000 0.000000 1.000000
0.987913 -0.024953 0.152985 -7.078780 0.048440 0.987226 -0.151781 94.863388 -0.147243 0.157357 0.976503 -8.929829 0.000000 0.000000 0.000000 1.000000
0.990034 -0.034894 0.136434 -7.023151 0.054182 0.988623 -0.140319 95.070793 -0.129986 0.146313 0.980661 -8.410866 0.000000 0.000000 0.000000 1.000000
0.991746 -0.043903 0.120467 -6.963727 0.059479 0.989870 -0.128917 95.012215 -0.113587 0.135018 0.984311 -7.903406 0.000000 0.000000 0.000000 1.000000
0.992825 -0.047937 0.109551 -6.837523 0.060979 0.991022 -0.118984 94.804893 -0.102864 0.124811 0.986834 -7.397957 0.000000 0.000000 0.000000 1.000000
0.993340 -0.047536 0.104958 -6.661332 0.059278 0.991967 -0.111749 94.568741 -0.098803 0.117226 0.988178 -6.886423 0.000000 0.000000 0.000000 1.000000
0.993255 -0.048981 0.105098 -6.376439 0.059999 0.992727 -0.104372 94.411697 -0.099222 0.109973 0.988970 -6.379578 0.000000 0.000000 0.000000 1.000000
0.992513 -0.054233 0.109438 -6.007503 0.065192 0.992931 -0.099184 94.357300 -0.103285 0.105576 0.989033 -5.856971 0.000000 0.000000 0.000000 1.000000
0.991291 -0.058946 0.117762 -5.581518 0.070375 0.992950 -0.095379 94.407761 -0.111309 0.102836 0.988451 -5.313766 0.000000 0.000000 0.000000 1.000000
0.989713 -0.064627 0.127635 -5.048695 0.076840 0.992678 -0.093196 94.470695 -0.120677 0.102045 0.987433 -4.749323 0.000000 0.000000 0.000000 1.000000
0.987983 -0.072147 0.136690 -4.378118 0.085300 0.992011 -0.092942 94.534172 -0.128893 0.103485 0.986244 -4.168625 0.000000 0.000000 0.000000 1.000000
0.986889 -0.077903 0.141352 -3.590177 0.091833 0.991246 -0.094858 94.613762 -0.132725 0.106595 0.985404 -3.582739 0.000000 0.000000 0.000000 1.000000
0.987077 -0.079022 0.139410 -2.752064 0.093468 0.990557 -0.100307 94.613197 -0.130167 0.112041 0.985141 -3.004490 0.000000 0.000000 0.000000 1.000000
0.988473 -0.076862 0.130432 -1.836716 0.090542 0.990613 -0.102410 94.595734 -0.121337 0.113039 0.986154 -2.529655 0.000000 0.000000 0.000000 1.000000
0.990660 -0.073345 0.114947 -0.923943 0.084819 0.991533 -0.098330 94.656601 -0.106762 0.107161 0.988493 -2.123391 0.000000 0.000000 0.000000 1.000000
0.992691 -0.071417 0.097287 -0.002640 0.080675 0.992221 -0.094812 94.727112 -0.089759 0.101967 0.990730 -1.725450 0.000000 0.000000 0.000000 1.000000
0.993905 -0.068496 0.086381 0.908730 0.076590 0.992607 -0.094151 94.850876 -0.079293 0.100193 0.991803 -1.325620 0.000000 0.000000 0.000000 1.000000
0.994677 -0.063395 0.081237 1.708860 0.070653 0.993448 -0.089829 95.012077 -0.075010 0.095091 0.992639 -0.955349 0.000000 0.000000 0.000000 1.000000
0.995500 -0.057144 0.075595 2.376896 0.063419 0.994496 -0.083396 95.087036 -0.070413 0.087814 0.993645 -0.606803 0.000000 0.000000 0.000000 1.000000
0.996646 -0.049399 0.065245 2.924063 0.054370 0.995567 -0.076754 95.112450 -0.061164 0.080044 0.994913 -0.272082 0.000000 0.000000 0.000000 1.000000
0.997827 -0.039213 0.052947 3.328852 0.042877 0.996629 -0.069938 95.140022 -0.050026 0.072056 0.996145 0.046389 0.000000 0.000000 0.000000 1.000000
0.998693 -0.027831 0.042872 3.557227 0.030584 0.997419 -0.064957 95.170197 -0.040954 0.066184 0.996967 0.362542 0.000000 0.000000 0.000000 1.000000
0.999186 -0.018337 0.035926 3.663171 0.020520 0.997904 -0.061376 95.207710 -0.034725 0.062063 0.997468 0.679652 0.000000 0.000000 0.000000 1.000000
0.999466 -0.012317 0.030277 3.680516 0.014090 0.998155 -0.059068 95.253593 -0.029493 0.059463 0.997795 0.998416 0.000000 0.000000 0.000000 1.000000
0.999675 -0.009811 0.023538 3.599308 0.011156 0.998269 -0.057737 95.292480 -0.022931 0.057981 0.998054 1.312734 0.000000 0.000000 0.000000 1.000000
0.999807 -0.009898 0.016976 3.404366 0.010875 0.998229 -0.058480 95.322624 -0.016367 0.058654 0.998144 1.627463 0.000000 0.000000 0.000000 1.000000
0.999831 -0.011616 0.014218 3.098609 0.012481 0.997975 -0.062369 95.335609 -0.013465 0.062536 0.997952 1.941803 0.000000 0.000000 0.000000 1.000000
0.999715 -0.014638 0.018854 2.704666 0.015944 0.997339 -0.071135 95.296341 -0.017763 0.071415 0.997289 2.230111 0.000000 0.000000 0.000000 1.000000
0.999463 -0.018280 0.027182 2.215245 0.020446 0.996450 -0.081667 95.240021 -0.025592 0.082179 0.996289 2.447431 0.000000 0.000000 0.000000 1.000000
0.999072 -0.022054 0.037009 1.698964 0.025298 0.995655 -0.089620 95.228539 -0.034872 0.090473 0.995288 2.629783 0.000000 0.000000 0.000000 1.000000
0.998436 -0.025147 0.049940 1.107756 0.030081 0.994468 -0.100637 95.218040 -0.047133 0.101982 0.993669 2.803663 0.000000 0.000000 0.000000 1.000000
0.997697 -0.029497 0.061077 0.444423 0.036058 0.993357 -0.109281 95.206009 -0.057448 0.111232 0.992133 2.945293 0.000000 0.000000 0.000000 1.000000
0.996876 -0.034133 0.071220 -0.232394 0.041965 0.992873 -0.111544 95.203957 -0.066905 0.114185 0.991204 3.034665 0.000000 0.000000 0.000000 1.000000
0.995811 -0.039610 0.082415 -0.899770 0.048650 0.992658 -0.110740 95.183571 -0.077424 0.114286 0.990426 3.087484 0.000000 0.000000 0.000000 1.000000
0.994511 -0.045500 0.094221 -1.576874 0.055550 0.992711 -0.106955 95.129883 -0.088668 0.111602 0.989789 3.102516 0.000000 0.000000 0.000000 1.000000
0.993041 -0.050794 0.106255 -2.246074 0.061883 0.992669 -0.103816 95.012123 -0.100203 0.109669 0.988905 3.113342 0.000000 0.000000 0.000000 1.000000
0.991661 -0.055451 0.116335 -2.887739 0.067394 0.992563 -0.101371 94.859703 -0.109848 0.108366 0.988023 3.128041 0.000000 0.000000 0.000000 1.000000
0.990401 -0.058590 0.125191 -3.528443 0.071210 0.992554 -0.098827 94.727859 -0.118469 0.106793 0.987198 3.142559 0.000000 0.000000 0.000000 1.000000
0.988610 -0.062437 0.136935 -4.113242 0.076343 0.992178 -0.098768 94.648712 -0.129697 0.108097 0.985644 3.170407 0.000000 0.000000 0.000000 1.000000
0.985587 -0.065769 0.155860 -4.643836 0.082024 0.991574 -0.100261 94.606766 -0.147953 0.111600 0.982678 3.207188 0.000000 0.000000 0.000000 1.000000
0.979856 -0.068349 0.187647 -5.181335 0.088238 0.991091 -0.099762 94.589691 -0.179156 0.114310 0.977157 3.240137 0.000000 0.000000 0.000000 1.000000
0.970612 -0.071830 0.229681 -5.720288 0.096518 0.990483 -0.098116 94.589638 -0.220448 0.117401 0.968308 3.273269 0.000000 0.000000 0.000000 1.000000
0.958304 -0.079026 0.274607 -6.224634 0.109996 0.988964 -0.099254 94.609741 -0.263732 0.125321 0.956420 3.325162 0.000000 0.000000 0.000000 1.000000
0.945944 -0.087263 0.312371 -6.658892 0.124205 0.987169 -0.100354 94.622726 -0.299605 0.133727 0.944645 3.370451 0.000000 0.000000 0.000000 1.000000
0.936690 -0.093560 0.337430 -6.991160 0.134615 0.985804 -0.100350 94.599136 -0.323251 0.139420 0.935987 3.399073 0.000000 0.000000 0.000000 1.000000
0.931343 -0.097844 0.350751 -7.178916 0.141704 0.984683 -0.101580 94.567131 -0.335440 0.144309 0.930943 3.425958 0.000000 0.000000 0.000000 1.000000
0.928084 -0.100573 0.358533 -7.232734 0.147103 0.983544 -0.104886 94.557205 -0.342084 0.150084 0.927606 3.461406 0.000000 0.000000 0.000000 1.000000
0.925798 -0.102089 0.363972 -7.200052 0.150454 0.982806 -0.107030 94.548668 -0.346787 0.153849 0.925240 3.490579 0.000000 0.000000 0.000000 1.000000
0.924315 -0.103717 0.367266 -7.111492 0.152429 0.982599 -0.106135 94.543472 -0.349867 0.154084 0.924041 3.504029 0.000000 0.000000 0.000000 1.000000
0.923878 -0.104592 0.368117 -6.947784 0.152946 0.982678 -0.104648 94.511246 -0.350796 0.152984 0.923871 3.499132 0.000000 0.000000 0.000000 1.000000
0.924489 -0.102754 0.367098 -6.717388 0.151617 0.982655 -0.106774 94.485535 -0.349759 0.154370 0.924034 3.483882 0.000000 0.000000 0.000000 1.000000
0.925741 -0.099386 0.364865 -6.472226 0.149452 0.982453 -0.111580 94.481766 -0.347373 0.157824 0.924350 3.484612 0.000000 0.000000 0.000000 1.000000
0.927079 -0.097317 0.362014 -6.196468 0.147858 0.982350 -0.114572 94.490837 -0.344475 0.159744 0.925105 3.481435 0.000000 0.000000 0.000000 1.000000
0.929485 -0.095762 0.356212 -5.883790 0.145679 0.982508 -0.115996 94.501312 -0.338873 0.159709 0.927178 3.469042 0.000000 0.000000 0.000000 1.000000
0.935450 -0.094332 0.340638 -5.526883 0.141758 0.982952 -0.117087 94.501945 -0.323786 0.157817 0.932875 3.449230 0.000000 0.000000 0.000000 1.000000
0.946048 -0.091704 0.310779 -5.101311 0.134940 0.983491 -0.120567 94.475449 -0.294592 0.155999 0.942804 3.427862 0.000000 0.000000 0.000000 1.000000
0.959078 -0.087812 0.269180 -4.625454 0.125638 0.983958 -0.126658 94.428001 -0.253740 0.155294 0.954725 3.408668 0.000000 0.000000 0.000000 1.000000
0.971976 -0.083115 0.219897 -4.130454 0.114692 0.984191 -0.134956 94.368065 -0.205204 0.156394 0.966143 3.394252 0.000000 0.000000 0.000000 1.000000
0.982598 -0.078414 0.168379 -3.627099 0.103320 0.984073 -0.144657 94.310875 -0.154354 0.159537 0.975050 3.383625 0.000000 0.000000 0.000000 1.000000
0.989958 -0.074922 0.119875 -3.155707 0.092968 0.983868 -0.152839 94.272690 -0.106490 0.162449 0.980954 3.366096 0.000000 0.000000 0.000000 1.000000
0.994386 -0.073219 0.076390 -2.740267 0.084625 0.983689 -0.158728 94.289413 -0.063522 0.164301 0.984363 3.337839 0.000000 0.000000 0.000000 1.000000
0.996592 -0.072704 0.038965 -2.364149 0.078087 0.983759 -0.161622 94.379623 -0.026581 0.164113 0.986083 3.295709 0.000000 0.000000 0.000000 1.000000
0.997363 -0.072054 0.008692 -2.061896 0.072516 0.984490 -0.159751 94.514954 0.002953 0.159960 0.987119 3.229996 0.000000 0.000000 0.000000 1.000000
0.997520 -0.068527 -0.016046 -1.803020 0.065197 0.985592 -0.156071 94.622818 0.026510 0.154638 0.987616 3.152012 0.000000 0.000000 0.000000 1.000000
0.997365 -0.061922 -0.037800 -1.556394 0.055478 0.986730 -0.152596 94.661125 0.046747 0.150097 0.987565 3.070559 0.000000 0.000000 0.000000 1.000000
0.996890 -0.054530 -0.056893 -1.334784 0.045609 0.987969 -0.147774 94.606964 0.064267 0.144720 0.987383 2.976276 0.000000 0.000000 0.000000 1.000000
0.996223 -0.047252 -0.072854 -1.139736 0.036401 0.988957 -0.143665 94.484810 0.078838 0.140470 0.986941 2.876348 0.000000 0.000000 0.000000 1.000000
0.995651 -0.038658 -0.084767 -0.959662 0.026404 0.989631 -0.141188 94.318771 0.089346 0.138336 0.986347 2.776494 0.000000 0.000000 0.000000 1.000000
0.995253 -0.030845 -0.092304 -0.804259 0.017861 0.990227 -0.138318 94.155487 0.095668 0.136013 0.986077 2.669868 0.000000 0.000000 0.000000 1.000000
0.994951 -0.025605 -0.097036 -0.671152 0.012751 0.991321 -0.130840 93.996368 0.099544 0.128942 0.986643 2.537204 0.000000 0.000000 0.000000 1.000000
0.994914 -0.021993 -0.098299 -0.545787 0.010271 0.992937 -0.118198 93.828812 0.100204 0.116588 0.988113 2.375566 0.000000 0.000000 0.000000 1.000000
0.995342 -0.019159 -0.094484 -0.453717 0.009209 0.994466 -0.104650 93.641266 0.095966 0.103292 0.990011 2.202566 0.000000 0.000000 0.000000 1.000000
0.996275 -0.016658 -0.084613 -0.407296 0.008734 0.995612 -0.093164 93.456367 0.085794 0.092078 0.992049 2.032156 0.000000 0.000000 0.000000 1.000000
0.997465 -0.015654 -0.069412 -0.422026 0.009876 0.996516 -0.082814 93.302292 0.070467 0.081918 0.994145 1.859513 0.000000 0.000000 0.000000 1.000000
0.998581 -0.016363 -0.050687 -0.485674 0.012582 0.997177 -0.074024 93.171700 0.051755 0.073281 0.995967 1.684539 0.000000 0.000000 0.000000 1.000000
0.999381 -0.018049 -0.030208 -0.567294 0.015965 0.997566 -0.067883 93.055710 0.031360 0.067359 0.997236 1.516456 0.000000 0.000000 0.000000 1.000000
0.999753 -0.019312 -0.011037 -0.660665 0.018579 0.997839 -0.063022 92.978523 0.012230 0.062802 0.997951 1.360500 0.000000 0.000000 0.000000 1.000000
0.999776 -0.020824 0.003662 -0.757022 0.020998 0.998160 -0.056884 93.016411 -0.002471 0.056948 0.998374 1.203992 0.000000 0.000000 0.000000 1.000000
0.999648 -0.022469 0.014081 -0.870190 0.023120 0.998583 -0.047931 93.149239 -0.012984 0.048240 0.998751 1.036453 0.000000 0.000000 0.000000 1.000000
0.999458 -0.024143 0.022399 -1.025209 0.025014 0.998908 -0.039459 93.303436 -0.021422 0.039998 0.998970 0.868104 0.000000 0.000000 0.000000 1.000000
0.999217 -0.025799 0.029986 -1.196819 0.026769 0.999117 -0.032382 93.435806 -0.029124 0.033159 0.999026 0.708540 0.000000 0.000000 0.000000 1.000000
0.998882 -0.027532 0.038440 -1.381230 0.028493 0.999289 -0.024679 93.538048 -0.037733 0.025747 0.998956 0.552451 0.000000 0.000000 0.000000 1.000000
0.998458 -0.029512 0.047015 -1.561239 0.030278 0.999419 -0.015667 93.607445 -0.046525 0.017067 0.998771 0.398121 0.000000 0.000000 0.000000 1.000000
0.997935 -0.031390 0.056043 -1.746549 0.031773 0.999477 -0.005960 93.652695 -0.055827 0.007728 0.998411 0.245733 0.000000 0.000000 0.000000 1.000000
0.997408 -0.032544 0.064166 -1.919539 0.032314 0.999467 0.004619 93.697006 -0.064282 -0.002534 0.997929 0.094181 0.000000 0.000000 0.000000 1.000000
0.996867 -0.033216 0.071779 -2.063951 0.032059 0.999338 0.017216 93.741386 -0.072303 -0.014861 0.997272 -0.063012 0.000000 0.000000 0.000000 1.000000
0.996423 -0.033400 0.077629 -2.184558 0.031192 0.999078 0.029485 93.799042 -0.078542 -0.026958 0.996546 -0.212325 0.000000 0.000000 0.000000 1.000000
0.996149 -0.033077 0.081203 -2.301382 0.029997 0.998794 0.038860 93.883522 -0.082391 -0.036275 0.995940 -0.305821 0.000000 0.000000 0.000000 1.000000
0.996113 -0.034517 0.081038 -2.376041 0.030762 0.998415 0.047132 94.017159 -0.082537 -0.044456 0.995596 -0.354117 0.000000 0.000000 0.000000 1.000000
0.996373 -0.038225 0.076028 -2.386689 0.034031 0.997867 0.055714 94.214340 -0.077995 -0.052925 0.995548 -0.351385 0.000000 0.000000 0.000000 1.000000
0.996749 -0.040420 0.069697 -2.368724 0.036037 0.997360 0.063048 94.432236 -0.072061 -0.060331 0.995574 -0.314167 0.000000 0.000000 0.000000 1.000000
0.997292 -0.040628 0.061295 -2.340226 0.036454 0.997037 0.067734 94.623116 -0.063865 -0.065316 0.995819 -0.260239 0.000000 0.000000 0.000000 1.000000
0.997846 -0.040842 0.051344 -2.313775 0.037123 0.996756 0.071410 94.782341 -0.054094 -0.069350 0.996125 -0.208442 0.000000 0.000000 0.000000 1.000000
0.998258 -0.040525 0.042870 -2.283691 0.037287 0.996574 0.073819 94.928360 -0.045715 -0.072092 0.996350 -0.164141 0.000000 0.000000 0.000000 1.000000
0.998589 -0.037767 0.037338 -2.247089 0.034883 0.996566 0.075090 95.060623 -0.040045 -0.073682 0.996477 -0.108706 0.000000 0.000000 0.000000 1.000000
0.998795 -0.034307 0.035091 -2.193580 0.031557 0.996598 0.076139 95.177353 -0.037584 -0.074940 0.996480 -0.052581 0.000000 0.000000 0.000000 1.000000
0.998969 -0.032467 0.031742 -2.111048 0.029938 0.996571 0.077141 95.276299 -0.034138 -0.076111 0.996515 0.010978 0.000000 0.000000 0.000000 1.000000
0.999198 -0.030494 0.025946 -1.998863 0.028389 0.996552 0.077963 95.373489 -0.028234 -0.077164 0.996619 0.091543 0.000000 0.000000 0.000000 1.000000
0.999397 -0.028424 0.019950 -1.868761 0.026772 0.996542 0.078659 95.460625 -0.022117 -0.078077 0.996702 0.114263 0.000000 0.000000 0.000000 1.000000
0.999526 -0.026483 0.015690 -1.709499 0.025160 0.996539 0.079225 95.536850 -0.017733 -0.078793 0.996733 0.123130 0.000000 0.000000 0.000000 1.000000
0.999607 -0.024699 0.013293 -1.535975 0.023575 0.996601 0.078933 95.604607 -0.015198 -0.078588 0.996791 0.127516 0.000000 0.000000 0.000000 1.000000
0.999653 -0.022966 0.012919 -1.345239 0.021895 0.996735 0.077713 95.661240 -0.014662 -0.077403 0.996892 0.118919 0.000000 0.000000 0.000000 1.000000
0.999695 -0.021300 0.012481 -1.158864 0.020294 0.996916 0.075808 95.709114 -0.014057 -0.075532 0.997044 0.108956 0.000000 0.000000 0.000000 1.000000
0.999748 -0.019698 0.010812 -0.995339 0.018851 0.997116 0.073519 95.749748 -0.012229 -0.073296 0.997235 0.080024 0.000000 0.000000 0.000000 1.000000
0.999812 -0.018121 0.006849 -0.826238 0.017587 0.997297 0.071333 95.783501 -0.008123 -0.071199 0.997429 0.035258 0.000000 0.000000 0.000000 1.000000
0.999863 -0.016527 0.001107 -0.651262 0.016409 0.997440 0.069600 95.810760 -0.002254 -0.069572 0.997574 -0.012771 0.000000 0.000000 0.000000 1.000000
0.999876 -0.014866 -0.005215 -0.482379 0.015192 0.997480 0.069301 95.831421 0.004171 -0.069372 0.997582 -0.030856 0.000000 0.000000 0.000000 1.000000
0.999861 -0.013124 -0.010300 -0.346189 0.013810 0.997483 0.069549 95.846947 0.009362 -0.069682 0.997525 -0.039240 0.000000 0.000000 0.000000 1.000000
0.999831 -0.011241 -0.014552 -0.224406 0.012233 0.997469 0.070039 95.857849 0.013728 -0.070205 0.997438 -0.027576 0.000000 0.000000 0.000000 1.000000
0.999768 -0.009799 -0.019188 -0.115758 0.011132 0.997439 0.070646 95.865036 0.018447 -0.070843 0.997317 -0.018322 0.000000 0.000000 0.000000 1.000000
0.999661 -0.008621 -0.024554 -0.024576 0.010352 0.997404 0.071267 95.868973 0.023876 -0.071497 0.997155 -0.003003 0.000000 0.000000 0.000000 1.000000
0.999547 -0.007725 -0.029098 0.044464 0.009799 0.997370 0.071814 95.870461 0.028466 -0.072067 0.996994 0.009664 0.000000 0.000000 0.000000 1.000000</float_array>
        <technique_common>
          <accessor source="#mixamorig_Hips-Matrix-animation-output-transform-array" count="163" stride="16">
            <param type="float4x4"/>
          </accessor>
        </technique_common>
      </source>
      <source id="mixamorig_Hips-Interpolations">
        <Name_array id="mixamorig_Hips-Interpolations-array" count="163">
 LINEAR LINEAR LINEAR LINEAR LINEAR LINEAR LINEAR LINEAR LINEAR LINEAR LINEAR
LINEAR LINEAR LINEAR LINEAR LINEAR LINEAR LINEAR LINEAR LINEAR LINEAR LINEAR LINEAR
LINEAR LINEAR LINEAR LINEAR LINEAR LINEAR LINEAR LINEAR LINEAR LINEAR LINEAR LINEAR
LINEAR LINEAR LINEAR LINEAR LINEAR LINEAR LINEAR LINEAR LINEAR LINEAR LINEAR LINEAR
LINEAR LINEAR LINEAR LINEAR LINEAR LINEAR LINEAR LINEAR LINEAR LINEAR LINEAR LINEAR
LINEAR LINEAR LINEAR LINEAR LINEAR LINEAR LINEAR LINEAR LINEAR LINEAR LINEAR LINEAR
LINEAR LINEAR LINEAR LINEAR LINEAR LINEAR LINEAR LINEAR LINEAR LINEAR LINEAR LINEAR
LINEAR LINEAR LINEAR LINEAR LINEAR LINEAR LINEAR LINEAR LINEAR LINEAR LINEAR LINEAR
LINEAR LINEAR LINEAR LINEAR LINEAR LINEAR LINEAR LINEAR LINEAR LINEAR LINEAR LINEAR
LINEAR LINEAR LINEAR LINEAR LINEAR LINEAR LINEAR LINEAR LINEAR LINEAR LINEAR LINEAR
LINEAR LINEAR LINEAR LINEAR LINEAR LINEAR LINEAR LINEAR LINEAR LINEAR LINEAR LINEAR
LINEAR LINEAR LINEAR LINEAR LINEAR LINEAR LINEAR LINEAR LINEAR LINEAR LINEAR LINEAR
LINEAR LINEAR LINEAR LINEAR LINEAR LINEAR LINEAR LINEAR LINEAR LINEAR LINEAR LINEAR
LINEAR LINEAR LINEAR LINEAR LINEAR LINEAR LINEAR LINEAR</Name_array>
        <technique_common>
          <accessor source="#mixamorig_Hips-Interpolations-array" count="163">
            <param type="name"/>
          </accessor>
        </technique_common>
      </source>
      <sampler id="mixamorig_Hips-Matrix-animation-transform">
        <input semantic="INPUT" source="#mixamorig_Hips-Matrix-animation-input"/>
        <input semantic="OUTPUT" source="#mixamorig_Hips-Matrix-animation-output-transform"/>
        <input semantic="INTERPOLATION" source="#mixamorig_Hips-Interpolations"/>
      </sampler>
      <channel source="#mixamorig_Hips-Matrix-animation-transform" target="mixamorig_Hips/matrix"/>
    </animation>
    <animation id="mixamorig_Spine-anim" name="mixamorig_Spine">
      <source id="mixamorig_Spine-Matrix-animation-input">
        <float_array id="mixamorig_Spine-Matrix-animation-input-array" count="163">

0.000000 0.033333 0.066667 0.100000 0.133333 0.166667 0.200000 0.233333 0.266667 0.300000 0.333333 0.366667 0.400000 0.433333 0.466667 0.500000
0.533333 0.566667 0.600000 0.633333 0.666667 0.700000 0.733333 0.766667 0.800000 0.833333 0.866667 0.900000 0.933333 0.966667 1.000000 1.033333
1.066667 1.100000 1.133333 1.166667 1.200000 1.233333 1.266667 1.300000 1.333333 1.366667 1.400000 1.433333 1.466667 1.500000 1.533333 1.566667
1.600000 1.633333 1.666667 1.700000 1.733333 1.766667 1.800000 1.833333 1.866667 1.900000 1.933333 1.966667 2.000000 2.033333 2.066667 2.100000
2.133333 2.166667 2.200000 2.233333 2.266667 2.300000 2.333333 2.366667 2.400000 2.433333 2.466667 2.500000 2.533333 2.566667 2.600000 2.633333
2.666667 2.700000 2.733333 2.766667 2.800000 2.833333 2.866667 2.900000 2.933333 2.966667 3.000000 3.033333 3.066667 3.100000 3.133333 3.166667
3.200000 3.233333 3.266667 3.300000 3.333333 3.366667 3.400000 3.433333 3.466667 3.500000 3.533333 3.566667 3.600000 3.633333 3.666667 3.700000
3.733333 3.766667 3.800000 3.833333 3.866667 3.900000 3.933333 3.966667 4.000000 4.033333 4.066667 4.100000 4.133333 4.166667 4.200000 4.233333
4.266667 4.300000 4.333333 4.366667 4.400000 4.433333 4.466667 4.500000 4.533333 4.566667 4.600000 4.633333 4.666667 4.700000 4.733333 4.766667
4.800000 4.833333 4.866667 4.900000 4.933333 4.966667 5.000000 5.033333 5.066667 5.100000 5.133333 5.166667 5.200000 5.233333 5.266667 5.300000
5.333333 5.366667 5.400000</float_array>
        <technique_common>
          <accessor source="#mixamorig_Spine-Matrix-animation-input-array" count="163">
            <param name="TIME" type="float"/>
          </accessor>
        </technique_common>
      </source>
      <source id="mixamorig_Spine-Matrix-animation-output-transform">
        <float_array id="mixamorig_Spine-Matrix-animation-output-transform-array" count="2608">

0.998756 0.034241 0.036254 0.000000 -0.038253 0.992457 0.116474 7.463500 -0.031992 -0.117716 0.992532 -1.336300 0.000000 0.000000 0.000000 1.000000
0.998860 0.034584 0.032889 0.000000 -0.038236 0.992299 0.117812 7.463500 -0.028562 -0.118936 0.992491 -1.336300 0.000000 0.000000 0.000000 1.000000
0.998998 0.033822 0.029299 0.000000 -0.037073 0.992245 0.118636 7.463500 -0.025060 -0.119604 0.992505 -1.336300 0.000000 0.000000 0.000000 1.000000
0.999119 0.033370 0.025469 0.000000 -0.036226 0.991938 0.121438 7.463500 -0.021211 -0.122253 0.992272 -1.336300 0.000000 0.000000 0.000000 1.000000
0.999274 0.031538 0.021385 0.000000 -0.033959 0.991657 0.124349 7.463500 -0.017285 -0.124985 0.992008 -1.336300 0.000000 0.000000 0.000000 1.000000
0.999417 0.029237 0.017618 -0.000000 -0.031270 0.991151 0.129003 7.463500 -0.013690 -0.129479 0.991488 -1.336300 0.000000 0.000000 0.000000 1.000000
0.999481 0.027377 0.016957 -0.000000 -0.029424 0.990356 0.135385 7.463500 -0.013087 -0.135814 0.990648 -1.336300 0.000000 0.000000 0.000000 1.000000
0.999551 0.022863 0.019346 0.000000 -0.025360 0.989734 0.140656 7.463500 -0.015932 -0.141084 0.989869 -1.336300 0.000000 0.000000 0.000000 1.000000
0.999629 0.012360 0.024258 -0.000000 -0.015910 0.988237 0.152104 7.463500 -0.022093 -0.152433 0.988067 -1.336300 0.000000 0.000000 0.000000 1.000000
0.999409 -0.003915 0.034157 -0.000000 -0.001955 0.985418 0.170142 7.463500 -0.034325 -0.170108 0.984827 -1.336300 0.000000 0.000000 0.000000 1.000000
0.998298 -0.020307 0.054670 0.000000 0.009439 0.981319 0.192155 7.463500 -0.057551 -0.191312 0.979841 -1.336300 0.000000 0.000000 0.000000 1.000000
0.994544 -0.035821 0.097974 -0.000000 0.017145 0.982552 0.185194 7.463500 -0.102899 -0.182504 0.977806 -1.336300 0.000000 0.000000 0.000000 1.000000
0.990299 -0.050207 0.129564 -0.000000 0.022792 0.978503 0.204970 7.463500 -0.137069 -0.200028 0.970155 -1.336300 0.000000 0.000000 0.000000 1.000000
0.983714 -0.061577 0.168861 0.000000 0.022262 0.973992 0.225487 7.463500 -0.178354 -0.218055 0.959501 -1.336300 0.000000 0.000000 0.000000 1.000000
0.975761 -0.057347 0.211193 0.000000 0.003344 0.968849 0.247629 7.463500 -0.218815 -0.240921 0.945557 -1.336300 0.000000 0.000000 0.000000 1.000000
0.969366 -0.050469 0.240380 0.000000 -0.012100 0.967662 0.251960 7.463500 -0.245322 -0.247150 0.937408 -1.336300 0.000000 0.000000 0.000000 1.000000
0.961726 -0.048354 0.269714 0.000000 -0.022269 0.967259 0.252812 7.463500 -0.273108 -0.249142 0.929161 -1.336300 0.000000 0.000000 0.000000 1.000000
0.955761 -0.092392 0.279256 0.000000 0.020773 0.968219 0.249240 7.463500 -0.293409 -0.232413 0.927305 -1.336300 0.000000 0.000000 0.000000 1.000000
0.958872 -0.152021 0.239694 0.000000 0.098079 0.969919 0.222795 7.463500 -0.266354 -0.190123 0.944939 -1.336300 0.000000 0.000000 0.000000 1.000000
0.963221 -0.161291 0.214919 -0.000000 0.121281 0.974670 0.187910 7.463500 -0.239783 -0.154933 0.958384 -1.336300 0.000000 0.000000 0.000000 1.000000
0.955530 -0.179822 0.233722 0.000000 0.137113 0.972601 0.187742 7.463500 -0.261078 -0.147347 0.954006 -1.336300 0.000000 0.000000 0.000000 1.000000
0.946378 -0.198695 0.254733 0.000000 0.154177 0.970692 0.184355 7.463500 -0.283898 -0.135196 0.949276 -1.336300 0.000000 0.000000 0.000000 1.000000
0.943662 -0.195657 0.266873 0.000000 0.156155 0.974330 0.162164 7.463500 -0.291750 -0.111355 0.949990 -1.336300 0.000000 0.000000 0.000000 1.000000
0.942164 -0.181625 0.281671 0.000000 0.143840 0.978222 0.149639 7.463500 -0.302715 -0.100469 0.947771 -1.336300 0.000000 0.000000 0.000000 1.000000
0.937190 -0.178813 0.299502 -0.000000 0.140351 0.979349 0.145527 7.463500 -0.319339 -0.094351 0.942932 -1.336300 0.000000 0.000000 0.000000 1.000000
0.928346 -0.179408 0.325557 0.000000 0.138029 0.979574 0.146227 7.463500 -0.345141 -0.090813 0.934147 -1.336300 0.000000 0.000000 0.000000 1.000000
0.922234 -0.169454 0.347520 0.000000 0.125265 0.981311 0.146072 7.463500 -0.365778 -0.091180 0.926225 -1.336300 0.000000 0.000000 0.000000 1.000000
0.922678 -0.148177 0.355963 0.000000 0.102648 0.984289 0.143660 7.463500 -0.371657 -0.096013 0.923392 -1.336300 0.000000 0.000000 0.000000 1.000000
0.925609 -0.124994 0.357245 0.000000 0.080328 0.987267 0.137302 7.463500 -0.369858 -0.098391 0.923864 -1.336300 0.000000 0.000000 0.000000 1.000000
0.928025 -0.100063 0.358828 0.000000 0.057199 0.990102 0.128167 7.463500 -0.368101 -0.098417 0.924562 -1.336300 0.000000 0.000000 0.000000 1.000000
0.930791 -0.077661 0.357208 0.000000 0.037203 0.992224 0.118778 7.463500 -0.363654 -0.097268 0.926442 -1.336300 0.000000 0.000000 0.000000 1.000000
0.937489 -0.055716 0.343527 0.000000 0.023187 0.994908 0.098084 7.463500 -0.347243 -0.083987 0.934007 -1.336300 0.000000 0.000000 0.000000 1.000000
0.943223 -0.023439 0.331332 0.000000 -0.002130 0.997060 0.076597 7.463500 -0.332153 -0.072954 0.940400 -1.336300 0.000000 0.000000 0.000000 1.000000
0.941548 0.002855 0.336866 -0.000000 -0.024036 0.997985 0.058723 7.463500 -0.336020 -0.063388 0.939719 -1.336300 0.000000 0.000000 0.000000 1.000000
0.937401 0.015732 0.347896 0.000000 -0.033310 0.998449 0.044603 7.463500 -0.346655 -0.053400 0.936472 -1.336300 0.000000 0.000000 0.000000 1.000000
0.935861 0.034190 0.350706 0.000000 -0.050293 0.998052 0.036909 7.463500 -0.348761 -0.052180 0.935758 -1.336300 0.000000 0.000000 0.000000 1.000000
0.937961 0.058352 0.341796 0.000000 -0.074689 0.996599 0.034821 7.463500 -0.338602 -0.058189 0.939129 -1.336300 0.000000 0.000000 0.000000 1.000000
0.944200 0.073870 0.320981 0.000000 -0.091090 0.995081 0.038946 7.463500 -0.316525 -0.066011 0.946285 -1.336300 0.000000 0.000000 0.000000 1.000000
0.953667 0.078497 0.290444 0.000000 -0.096150 0.994257 0.046995 7.463500 -0.285087 -0.072744 0.955737 -1.336300 0.000000 0.000000 0.000000 1.000000
0.962679 0.079822 0.258607 -0.000000 -0.097354 0.993691 0.055689 7.463500 -0.252530 -0.078787 0.964376 -1.336300 0.000000 0.000000 0.000000 1.000000
0.969859 0.081306 0.229704 -0.000000 -0.097832 0.993302 0.061478 7.463500 -0.223167 -0.082098 0.971317 -1.336300 0.000000 0.000000 0.000000 1.000000
0.975351 0.082484 0.204660 -0.000000 -0.097172 0.993286 0.062773 7.463500 -0.198109 -0.081113 0.976818 -1.336300 0.000000 0.000000 0.000000 1.000000
0.980158 0.080258 0.181244 0.000000 -0.093229 0.993572 0.064208 7.463500 -0.174925 -0.079831 0.981340 -1.336300 0.000000 0.000000 0.000000 1.000000
0.985967 0.072836 0.150213 0.000000 -0.084068 0.994010 0.069827 7.463500 -0.144227 -0.081476 0.986185 -1.336300 0.000000 0.000000 0.000000 1.000000
0.991461 0.065504 0.112759 0.000000 -0.074120 0.994501 0.073984 7.463500 -0.107292 -0.081710 0.990864 -1.336300 0.000000 0.000000 0.000000 1.000000
0.996291 0.048277 0.071236 -0.000000 -0.053987 0.995289 0.080529 7.463500 -0.067012 -0.084076 0.994203 -1.336300 0.000000 0.000000 0.000000 1.000000
0.998735 0.024761 0.043757 0.000000 -0.028857 0.995001 0.095603 7.463500 -0.041171 -0.096745 0.994457 -1.336300 0.000000 0.000000 0.000000 1.000000
0.999517 0.020152 0.023672 0.000000 -0.022512 0.994317 0.104049 7.463500 -0.021441 -0.104532 0.994290 -1.336300 0.000000 0.000000 0.000000 1.000000
0.999697 0.024513 -0.002022 -0.000000 -0.024156 0.993970 0.106962 7.463500 0.004631 -0.106881 0.994261 -1.336300 0.000000 0.000000 0.000000 1.000000
0.999062 0.031441 -0.029790 0.000000 -0.027908 0.993273 0.112383 7.463500 0.033123 -0.111446 0.993218 -1.336300 0.000000 0.000000 0.000000 1.000000
0.997626 0.038426 -0.057155 0.000000 -0.031161 0.991921 0.122971 7.463500 0.061419 -0.120898 0.990763 -1.336300 0.000000 0.000000 0.000000 1.000000
0.995589 0.040580 -0.084588 -0.000000 -0.029033 0.990621 0.133521 7.463500 0.089213 -0.130476 0.987430 -1.336300 0.000000 0.000000 0.000000 1.000000
0.993405 0.041353 -0.106940 0.000000 -0.025569 0.989107 0.144963 7.463500 0.111770 -0.141272 0.983641 -1.336300 0.000000 0.000000 0.000000 1.000000
0.992173 0.044132 -0.116813 -0.000000 -0.025339 0.987157 0.157731 7.463500 0.122274 -0.153536 0.980549 -1.336300 0.000000 0.000000 0.000000 1.000000
0.991877 0.045962 -0.118608 0.000000 -0.025494 0.985349 0.168635 7.463500 0.124621 -0.164241 0.978516 -1.336300 0.000000 0.000000 0.000000 1.000000
0.991746 0.042391 -0.121010 -0.000000 -0.020508 0.984060 0.176652 7.463500 0.126570 -0.172713 0.976806 -1.336300 0.000000 0.000000 0.000000 1.000000
0.991539 0.035376 -0.124892 -0.000000 -0.012202 0.983289 0.181644 7.463500 0.129231 -0.178584 0.975401 -1.336300 0.000000 0.000000 0.000000 1.000000
0.991047 0.031284 -0.129798 0.000000 -0.007012 0.983016 0.183385 7.463500 0.133330 -0.180833 0.974434 -1.336300 0.000000 0.000000 0.000000 1.000000
0.990474 0.032371 -0.133838 0.000000 -0.006831 0.982328 0.187041 7.463500 0.137527 -0.184345 0.973192 -1.336300 0.000000 0.000000 0.000000 1.000000
